0.0 918.0 0.001 8919.0 0.001 6260.0 0.001 2739.0 0.001 3329.0 0.001 2129.0 0.001 9742.0 0.001 4194.0 0.001 7857.0 0.001 7874.0
0.066889632107 8919.00206006 6.16499303287e-07 9742.00899508 1.238487473e-50 7857.00773101 0.00304103950205 7865.00857145 120.20661708 6268.99909789 7.28771379378e-63 4194.00140988 0.00377257123054 3328.99282019 7.84152426785e-09 2738.98862167 9.38185546559e-27 2128.98533938 4.9064137837 918.005353386
0.133779264214 9742.01139072 -4.75462527051e-11 8918.99966442 -1.78696384671e-81 7857.00773573 0.00945724385167 7874.01152712 -7.2443371573e-22 6259.99613751 -9.33134978955e-79 4194.00140989 -2.09402768179e-26 3328.99282018 -7.48771218705e-26 2738.98862167 -3.54014463204e-44 2129.005218 -6.2916142511e-29 917.985474769
0.200668896321 9742.01139072 6.44748747508e-16 8918.99966442 8.09553492367e-80 7857.00778163 0.0294930784051 7874.01148122 3.22886366115e-09 6259.99613751 4.26968931255e-59 4194.00140989 -2.33528795918e-32 3328.99282018 -3.57308669339e-34 2738.98862167 -4.15757389281e-52 2129.005218 3.17434044245e-21 917.985474769
0.267558528428 9742.01139072 6.51172201727e-17 8918.99966442 6.98928202291e-81 7857.008228 0.0919746089103 7874.01103484 2.58698468685e-10 6259.99613751 -8.48013282228e-61 4194.00140989 -1.9686297999e-33 3328.99282018 1.22784464522e-35 2738.98862167 1.88105685707e-53 2129.005218 2.98509624626e-22 917.985474769
0.334448160535 9742.01139072 1.39451268017e-16 8918.99966442 3.54192986852e-80 7857.01256803 0.286757735769 7874.00669482 8.24409117472e-10 6259.99613751 2.8539192942e-61 4194.00140989 -5.29318920358e-33 3328.99282018 1.57130944389e-36 2738.98862167 3.95513897894e-54 2129.005218 1.73526601563e-21 917.985474769
0.401337792642 9742.01139072 -9.97945206664e-19 8918.99966442 2.78977212885e-81 7857.05466296 0.892066672758 7873.96459988 9.11766234716e-10 6259.99613751 7.93747765942e-61 4194.00140989 7.6455185571e-36 3328.99282018 -1.85374662183e-38 2738.98862167 -4.36585162211e-56 2129.005218 3.91202329727e-22 917.985474769
0.468227424749 9742.01139072 4.00195110556e-20 8918.99966442 4.00286100314e-83 7857.45344579 2.71654212175 7873.56581705 9.53488343518e-11 6259.99613751 1.03336285096e-61 4194.00140989 -5.67408374117e-37 3328.99282018 6.91015584849e-40 2738.98862167 1.71601394607e-57 2129.005218 1.72215135273e-23 917.985474769
0.535117056856 9742.01139072 -6.12357759802e-22 8918.99966442 1.57424632509e-83 7860.5353929 6.89485650371 7870.48386994 -3.14855005983e-12 6259.99613751 -4.34346781576e-63 4194.00140989 -2.24066449043e-38 3328.99282018 4.94843629693e-41 2738.98862167 1.21665340768e-58 2129.005218 1.68699387017e-24 917.985474769
0.602006688963 9742.01139072 8.17671467533e-24 8918.99966442 -9.62153039504e-86 7869.2161238 7.65135822016 7861.80313905 -1.09609553665e-14 6259.99613751 -3.16969990614e-66 4194.00140989 2.43650142931e-40 3328.99282018 5.82651377081e-43 2738.98862167 8.83931631596e-61 2129.005218 -3.3211629491e-27 917.985474769
0.66889632107 9742.01139072 1.49592965142e-25 8918.99966442 -1.10750551626e-86 7873.35140801 3.28457227992 7857.66785484 -1.0550001995e-15 6259.99613751 -4.79032590656e-69 4194.00140989 1.31071209544e-41 3328.99282018 1.28587518755e-43 2738.98862167 3.02971321325e-61 2129.005218 -2.91821946664e-28 917.985474769
0.735785953177 9742.01139072 -1.61903522241e-26 8918.99966442 -1.76376593752e-87 7873.94118468 1.09122938834 7857.07807817 -7.65033684912e-16 6259.99613751 -1.08289921534e-67 4194.00140989 -4.38787308138e-43 3328.99282018 -4.88202013464e-47 2738.98862167 -1.70905853044e-63 2129.005218 -2.1631738985e-28 917.985474769
0.802675585284 9742.01139072 3.79213122651e-26 8918.99966442 1.70351209567e-87 7874.00425202 0.351214223854 7857.01501082 4.07770350601e-16 6259.99613751 3.09316892223e-68 4194.00140989 7.48481856541e-43 3328.99282018 -4.6165288511e-48 2738.98862167 -4.63582005671e-64 2129.005218 1.75634155792e-28 917.985474769
0.869565217391 9742.01139072 1.74253305345e-24 8918.99966442 1.18256473869e-85 7874.01076207 0.112663733871 7857.00850077 5.62802375232e-14 6259.99613751 7.25656604478e-66 4194.00140989 3.78005264186e-41 3328.99282018 -6.01169593021e-47 2738.98862167 -9.93146851946e-63 2129.005218 1.53600164782e-26 917.985474769
0.936454849498 9742.01139072 -2.90586620114e-26 8918.99966442 2.4815959537e-87 7874.01143171 0.0361283363949 7857.00783114 1.79484898333e-15 6259.99613751 1.40643335919e-67 4194.00140989 -2.60288890936e-43 3328.99282018 1.07372101758e-47 2738.98862167 8.44795930787e-64 2129.005218 4.91724966074e-28 917.985474769
1.00334448161 9742.01139072 -4.00446252422e-27 8918.99966442 -1.80640460877e-88 7874.01150057 0.0115850124583 7857.00776228 4.73812506356e-17 6259.99613751 3.52825782343e-69 4194.00140989 -9.51116299894e-44 3328.99282018 -1.18212792415e-48 2738.98862167 -6.36371013554e-65 2129.005218 -3.23113650204e-30 917.985474769
1.07023411371 9742.01139072 1.5052273196e-28 8918.99966442 -5.09035125955e-90 7874.01150765 0.00371486852417 7857.0077552 4.2950088566e-19 6259.99613751 2.40845928213e-71 4194.00140989 1.65666991707e-45 3328.99282018 5.78609537301e-50 2738.98862167 1.57913849457e-66 2129.005218 -4.3144478441e-31 917.985474769
1.13712374582 9742.01139072 -1.18417408089e-27 8918.99966442 2.01670732816e-88 7874.01150838 0.00119122457352 7857.00775447 -6.77763391613e-17 6259.99613751 -4.00153965009e-69 4194.00140989 -5.71871703765e-45 3328.99282018 -6.23847460105e-50 2738.98862167 4.16303201471e-67 2129.005218 1.86190619663e-29 917.985474769
1.20401337793 9742.01139072 9.77262282294e-28 8918.99966442 1.25897763587e-87 7874.01150845 0.000381988975123 7857.0077544 -9.36543725216e-16 6259.99613751 -6.23111017295e-68 4194.00140989 -5.34097751198e-45 3328.99282018 1.32906233777e-48 2738.98862167 -1.41835992947e-66 2129.005218 1.78199923956e-28 917.985474769
1.27090301003 9742.01139072 -1.36400182307e-26 8918.99966442 -3.56462780438e-87 7874.01150846 0.000122496745793 7857.00775439 4.31827568067e-15 6259.99613751 3.26548639339e-67 4194.00140989 -3.17252309784e-44 3328.99282018 -4.04043568159e-48 2738.98862167 4.30348654233e-66 2129.005218 -6.56275083783e-28 917.985474769
1.33779264214 9742.01139072 -2.45613182632e-28 8918.99966442 -1.16877247233e-87 7874.01150846 3.92864060832e-05 7857.00775439 -4.9956365279e-15 6259.99613751 -6.69291603166e-67 4194.00140989 2.03535768894e-44 3328.99282018 -3.00790183257e-48 2738.98862167 3.2313721335e-66 2129.005218 1.46470215989e-28 917.985474769
1.40468227425 9742.01139072 1.17852191814e-27 8918.99966442 2.01797178937e-87 7874.01150846 1.26016231945e-05 7857.00775439 1.51348489354e-15 6259.99613751 2.46319759386e-67 4194.00140989 -1.53832320858e-44 3328.99282018 1.98828074779e-48 2738.98862167 -2.21514003605e-66 2129.005218 1.24207558078e-28 917.985474769
1.47157190635 9742.01139072 -7.29931324605e-26 8918.99966442 -1.81918914852e-85 7874.01150846 4.04518533796e-06 7857.00775439 4.05446972819e-13 6259.99613751 3.79037395787e-65 4194.00140989 1.65296221166e-43 3328.99282018 1.69496119732e-47 2738.98862167 -1.51508742071e-65 2129.005218 -4.21104102787e-26 917.985474769
1.53846153846 9742.01139072 -1.42371870798e-26 8918.99966442 -9.91180238373e-87 7874.01150846 1.30108982399e-06 7857.00775439 -7.38739121002e-14 6259.99613751 -1.16248648872e-65 4194.00140989 2.73775448625e-44 3328.99282018 6.72900947221e-48 2738.98862167 -5.77988489135e-66 2129.005218 1.31429439142e-27 917.985474769
1.60535117057 9742.01139072 -6.08867993075e-27 8918.99966442 -8.12057663166e-87 7874.01150846 4.18548068071e-07 7857.00775439 -2.04757269706e-15 6259.99613751 -8.17165314732e-67 4194.00140989 1.19951410353e-44 3328.99282018 2.52500279044e-48 2738.98862167 -2.2050981052e-66 2129.005218 -1.0174408538e-27 917.985474769
1.67224080268 9742.01139072 2.92583831703e-27 8918.99966442 -9.54506640468e-89 7874.01150846 1.37146912352e-07 7857.00775439 1.63670923457e-14 6259.99613751 1.83259300799e-66 4194.00140989 -5.00195981727e-45 3328.99282018 -2.0398526315e-48 2738.98862167 1.71962630312e-66 2129.005218 -7.96853536566e-28 917.985474769
1.73913043478 9742.01139072 2.66453863355e-27 8918.99966442 6.61958144651e-87 7874.01150846 4.55218208277e-08 7857.00775439 -1.02423840303e-14 6259.99613751 -6.72828415846e-67 4194.00140989 -5.80417533435e-45 3328.99282018 -3.6181180364e-49 2738.98862167 3.85310903708e-67 2129.005218 1.40590979496e-27 917.985474769
1.80602006689 9742.01139072 -8.92622700291e-28 8918.99966442 -1.33454225149e-87 7874.01150846 1.48512308758e-08 7857.00775439 6.19485254325e-16 6259.99613751 1.18339107089e-69 4194.00140989 1.76281924591e-45 3328.99282018 3.09539532928e-49 2738.98862167 -2.81853340111e-67 2129.005218 -2.0184037939e-28 917.985474769
1.872909699 9742.01139072 -1.30137069832e-28 8918.99966442 1.08870734857e-88 7874.01150846 6.72599031484e-09 7857.00775439 -4.43529156374e-16 6259.99613751 -2.87578057919e-68 4194.00140989 1.76426101023e-46 3328.99282018 1.92253864297e-49 2738.98862167 -1.54178162346e-67 2129.005218 4.60153677382e-29 917.985474769
1.9397993311 9742.01139072 1.02780660155e-28 8918.99966442 -2.33957601035e-89 7874.01150846 4.03894503172e-09 7857.00775439 2.19693411098e-16 6259.99613751 1.40564682932e-68 4194.00140989 -1.55134897506e-46 3328.99282018 -1.19576609046e-49 2738.98862167 9.7414182602e-68 2129.005218 -2.01775273558e-29 917.985474769
2.00668896321 9742.01139072 -1.66302844021e-28 8918.99966442 -1.2543463943e-88 7874.01150846 1.16070475267e-09 7857.00775439 -7.65251131562e-17 6259.99613751 -7.97430119132e-69 4194.00140989 2.95150476107e-46 3328.99282018 1.12354392049e-49 2738.98862167 -9.52168733516e-68 2129.005218 -7.57209408685e-30 917.985474769
2.07357859532 9742.01139072 2.2542511232e-29 8918.99966442 2.50106945721e-89 7874.01150846 1.92457203035e-10 7857.00775439 -3.45885972271e-18 6259.99613751 2.76156195979e-70 4194.00140989 -4.2229204677e-47 3328.99282018 -9.70578535097e-51 2738.98862167 8.80623953344e-69 2129.005218 2.96359624431e-30 917.985474769
2.14046822742 9742.01139072 -3.03928522037e-29 8918.99966442 -5.83626312454e-89 7874.01150846 6.67325647571e-10 7857.00775439 3.38697557484e-17 6259.99613751 8.40412067866e-70 4194.00140989 6.47052385354e-47 3328.99282018 -5.35908083181e-51 2738.98862167 2.0437104991e-69 2129.005218 -9.36719160513e-30 917.985474769
2.20735785953 9742.01139072 -9.38279593824e-30 8918.99966442 -1.2757851361e-89 7874.01150846 1.30481779596e-09 7857.00775439 4.36997641465e-18 6259.99613751 6.89725368725e-71 4194.00140989 1.84175393156e-47 3328.99282018 2.68106131139e-52 2738.98862167 -9.86337451209e-70 2129.005218 -1.70856929107e-30 917.985474769
2.27424749164 9742.01139072 -1.11204408356e-29 8918.99966442 1.45185993548e-90 7874.01150846 1.08839586726e-09 7857.00775439 -1.38886819303e-17 6259.99613751 -7.58114923322e-70 4194.00140989 1.64009620548e-47 3328.99282018 1.55919360997e-50 2738.98862167 -1.24823325408e-68 2129.005218 1.49992873748e-30 917.985474769
2.34113712375 9742.01139072 8.12795154458e-30 8918.99966442 7.46988633048e-90 7874.01150846 1.87840013257e-11 7857.00775439 1.26873253973e-19 6259.99613751 9.36116017323e-71 4194.00140989 -1.47886567919e-47 3328.99282018 -3.26833263693e-51 2738.98862167 3.12291572942e-69 2129.005218 7.20932736002e-31 917.985474769
2.40802675585 9742.01139072 -2.89523688835e-30 8918.99966442 -5.24537844064e-90 7874.01150846 -4.29980005064e-10 7857.00775439 2.25642789933e-18 6259.99613751 4.6321542703e-71 4194.00140989 6.19036271927e-48 3328.99282018 -1.57208662429e-51 2738.98862167 9.16904573292e-70 2129.005218 -7.6764431238e-31 917.985474769
2.47491638796 9742.01139072 -1.20976859863e-31 8918.99966442 8.27515464276e-91 7874.01150846 -1.84115975253e-10 7857.00775439 -7.46037536573e-19 6259.99613751 -2.30949272883e-71 4194.00140989 -1.19768279539e-49 3328.99282018 9.37993905069e-52 2738.98862167 -7.20117421224e-70 2129.005218 1.70663305207e-31 917.985474769
2.54180602007 9742.01139072 2.35637828438e-31 8918.99966442 2.61718266057e-91 7874.01150846 1.83979810779e-10 7857.00775439 -3.06829000533e-20 6259.99613751 7.00263916451e-73 4194.00140989 -4.51914922624e-49 3328.99282018 7.36487366975e-53 2738.98862167 -2.5621805547e-71 2129.005218 2.80108743227e-32 917.985474769
2.60869565217 9742.01139072 7.2012220669e-32 8918.99966442 2.36714224756e-92 7874.01150846 2.6908348568e-10 7857.00775439 1.57272655043e-20 6259.99613751 6.45299391943e-73 4194.00140989 -1.1279039665e-49 3328.99282018 -7.32336228206e-53 2738.98862167 6.2665294228e-71 2129.005218 -5.2440398805e-34 917.985474769
2.67558528428 9742.01139072 3.88435871329e-30 8918.99966442 -5.6902839792e-91 7874.01150846 1.55093086401e-10 7857.00775439 2.84768445105e-18 6259.99613751 1.09007667166e-70 4194.00140989 -5.49981735708e-48 3328.99282018 -5.85329995466e-51 2738.98862167 4.73617186818e-69 2129.005218 -4.22472156897e-31 917.985474769
2.74247491639 9742.01139072 1.58230894826e-30 8918.99966442 -2.9088646112e-91 7874.01150846 -4.17083256622e-11 7857.00775439 1.1490682071e-18 6259.99613751 4.30473717431e-71 4194.00140989 -2.20448938024e-48 3328.99282018 -2.56428004707e-51 2738.98862167 2.059550132e-69 2129.005218 -1.78334003734e-31 917.985474769
2.80936454849 9742.01139072 1.06802304485e-30 8918.99966442 -7.27548513272e-91 7874.01150846 -4.48277100241e-10 7857.00775439 1.15758598623e-18 6259.99613751 4.02437634346e-71 4194.00140989 -1.28143248973e-48 3328.99282018 -2.42146938774e-51 2738.98862167 1.8986540997e-69 2129.005218 -2.18438632778e-31 917.985474769
2.8762541806 9742.01139072 6.75832238793e-31 8918.99966442 -4.91413061465e-91 7874.01150846 -5.83086896296e-10 7857.00775439 7.6338001228e-19 6259.99613751 2.65596663079e-71 4194.00140989 -8.0058860465e-49 3328.99282018 -1.56334029994e-51 2738.98862167 1.22404848713e-69 2129.005218 -1.44651839359e-31 917.985474769
2.94314381271 9742.01139072 1.88497297313e-32 8918.99966442 -2.78114280234e-92 7874.01150846 -5.3911964624e-10 7857.00775439 3.55732158429e-20 6259.99613751 1.26734529217e-72 4194.00140989 -1.74511266383e-50 3328.99282018 -6.36543560032e-53 2738.98862167 4.8242050461e-71 2129.005218 -6.93593680918e-33 917.985474769
3.01003344482 9742.01139072 4.1994013416e-34 8918.99966442 -1.06910213107e-92 7874.01150846 -4.2434552736e-10 7857.00775439 2.1365778581e-20 6259.99613751 8.92676441142e-73 4194.00140989 3.88740080578e-52 3328.99282018 8.80931462743e-54 2738.98862167 -6.13265298037e-72 2129.005218 -3.16738723317e-33 917.985474769
3.07692307692 9742.01139072 9.59701013477e-33 8918.99966442 7.46814007252e-93 7874.01150846 -1.8004927828e-10 7857.00775439 1.80361443549e-22 6259.99613751 3.86320848574e-74 4194.00140989 -1.72024175999e-50 3328.99282018 2.05616105459e-54 2738.98862167 -2.67711825589e-74 2129.005218 5.90746243633e-34 917.985474769
3.14381270903 9742.01139072 1.60665474146e-32 8918.99966442 8.03653435373e-93 7874.01150846 -6.46103201942e-12 7857.00775439 1.78278025879e-21 6259.99613751 8.83536476296e-74 4194.00140989 -2.64449297583e-50 3328.99282018 -9.4064130647e-54 2738.98862167 9.09104166723e-72 2129.005218 3.46801775083e-34 917.985474769
3.21070234114 9742.01139072 3.59732513323e-33 8918.99966442 -4.29434033081e-93 7874.01150846 7.29588650225e-11 7857.00775439 2.91578366329e-21 6259.99613751 7.07290478277e-74 4194.00140989 -2.92663421911e-51 3328.99282018 -1.71494560433e-53 2738.98862167 1.2775509933e-71 2129.005218 -8.55551590938e-34 917.985474769
3.27759197324 9742.01139072 4.4448721817e-33 8918.99966442 -5.56846559515e-93 7874.01150846 1.14818475346e-10 7857.00775439 3.75788720102e-21 6259.99613751 9.1777191348e-74 4194.00140989 -3.4950451146e-51 3328.99282018 -2.20155808162e-53 2738.98862167 1.63474018755e-71 2129.005218 -1.10113056968e-33 917.985474769
3.34448160535 9742.01139072 2.73106572818e-32 8918.99966442 -6.03780168939e-92 7874.01150846 2.67948630359e-10 7857.00775439 3.54109091366e-20 6259.99613751 8.42403454704e-73 4194.00140989 -9.20989519066e-51 3328.99282018 -1.94777177838e-52 2738.98862167 1.42877421976e-70 2129.005218 -1.09371717398e-32 917.985474769
3.41137123746 9742.01139072 9.60851196351e-32 8918.99966442 -2.16169565048e-91 7874.01150846 7.17361314305e-10 7857.00775439 1.26448517294e-19 6259.99613751 3.006819689e-72 4194.00140989 -3.07103532682e-50 3328.99282018 -6.92682756943e-52 2738.98862167 5.0801570827e-70 2129.005218 -3.90905662841e-32 917.985474769
3.47826086957 9742.01139072 1.63564469174e-31 8918.99966442 -3.72353058197e-91 7874.01150846 1.14151509159e-09 7857.00775439 2.17274864726e-19 6259.99613751 5.16350991519e-72 4194.00140989 -5.02184991448e-50 3328.99282018 -1.1891071011e-51 2738.98862167 8.71901047005e-70 2129.005218 -6.72367391844e-32 917.985474769
3.54515050167 9742.01139072 2.24104366336e-31 8918.99966442 -5.14875998322e-91 7874.01150846 1.51498372467e-09 7857.00775439 2.99835229874e-19 6259.99613751 7.12190041819e-72 4194.00140989 -6.65681491386e-50 3328.99282018 -1.6402823561e-51 2738.98862167 1.20249297979e-69 2129.005218 -9.28645517901e-32 917.985474769
3.61204013378 9742.01139072 2.72060471558e-31 8918.99966442 -6.29685887403e-91 7874.01150846 1.81234097597e-09 7857.00775439 3.66074891179e-19 6259.99613751 8.69141748295e-72 4194.00140989 -7.85931195676e-50 3328.99282018 -2.00244066771e-51 2738.98862167 1.46775104822e-69 2129.005218 -1.13462865451e-31 917.985474769
3.67892976589 9742.01139072 3.01788445276e-31 8918.99966442 -7.0273022742e-91 7874.01150846 2.00816060797e-09 7857.00775439 4.07939127083e-19 6259.99613751 9.6814873944e-72 4194.00140989 -8.51272267498e-50 3328.99282018 -2.23181418172e-51 2738.98862167 1.63563479391e-69 2129.005218 -1.26520541515e-31 917.985474769
3.74581939799 9742.01139072 3.07643947928e-31 8918.99966442 -7.19956520355e-91 7874.01150846 2.07701638308e-09 7857.00775439 4.17373216024e-19 6259.99613751 9.90153643747e-72 4194.00140989 -8.50042870033e-50 3328.99282018 -2.2846350439e-51 2738.98862167 1.67410375846e-69 2129.005218 -1.29526441334e-31 917.985474769
3.8127090301 9742.01139072 2.83982639949e-31 8918.99966442 -6.67312268188e-91 7874.01150846 1.99348206378e-09 7857.00775439 3.86322436446e-19 6259.99613751 9.16099089711e-72 4194.00140989 -7.70581166461e-50 3328.99282018 -2.11713540004e-51 2738.98862167 1.55111748349e-69 2129.005218 -1.19969426255e-31 917.985474769
3.87959866221 9742.01139072 2.25160181778e-31 8918.99966442 -5.30744972899e-91 7874.01150846 1.7321314125e-09 7857.00775439 3.06732066789e-19 6259.99613751 7.26927705823e-72 4194.00140989 -6.01225319962e-50 3328.99282018 -1.68554739591e-51 2738.98862167 1.23463551059e-69 2129.005218 -9.53383576295e-32 917.985474769
3.94648829431 9742.01139072 1.25532233851e-31 8918.99966442 -2.96202136469e-91 7874.01150846 1.26753819169e-09 7857.00775439 1.70547385493e-19 6259.99613751 4.03582120579e-72 4194.00140989 -3.30313493718e-50 3328.99282018 -9.46103177298e-52 2738.98862167 6.92617381368e-70 2129.005218 -5.31220968055e-32 917.985474769
4.01337792642 9742.01139072 4.58817173839e-33 8918.99966442 -1.04477657636e-92 7874.01150846 6.91869881712e-10 7857.00775439 4.79565647592e-21 6259.99613751 1.01515665521e-73 4194.00140989 -6.5593411633e-52 3328.99282018 -4.56653744306e-53 2738.98862167 3.26631773287e-71 2129.005218 -1.71620021247e-33 917.985474769
4.08026755853 9742.01139072 1.58711123177e-32 8918.99966442 -4.46181289697e-92 7874.01150846 7.24494428824e-10 7857.00775439 2.36182006411e-20 6259.99613751 5.41978507119e-73 4194.00140989 -6.96571629003e-53 3328.99282018 -1.47847603757e-52 2738.98862167 1.07162865259e-70 2129.005218 -7.68841541769e-33 917.985474769
4.14715719064 9742.01139072 2.63593349229e-32 8918.99966442 -7.64433762324e-92 7874.01150846 7.44021976759e-10 7857.00775439 4.11651948991e-20 6259.99613751 9.52775621454e-73 4194.00140989 4.9189464347e-52 3328.99282018 -2.42768894081e-52 2738.98862167 1.76379326196e-70 2129.005218 -1.32525977326e-32 917.985474769
4.21404682274 9742.01139072 3.54002434061e-32 8918.99966442 -1.03949621317e-91 7874.01150846 7.48381278025e-10 7857.00775439 5.63494618471e-20 6259.99613751 1.30846865496e-72 4194.00140989 9.95802685973e-52 3328.99282018 -3.24522028198e-52 2738.98862167 2.36005755199e-70 2129.005218 -1.80637595536e-32 917.985474769
4.28093645485 9742.01139072 4.23412416194e-32 8918.99966442 -1.25162977989e-91 7874.01150846 7.35501085127e-10 7857.00775439 6.80838240822e-20 6259.99613751 1.58361925407e-72 4194.00140989 1.4091483478e-51 3328.99282018 -3.87199788906e-52 2738.98862167 2.8173534733e-70 2129.005218 -2.17769132768e-32 917.985474769
4.34782608696 9742.01139072 4.65297334151e-32 8918.99966442 -1.38109560013e-91 7874.01150846 7.03310150574e-10 7857.00775439 7.52811042015e-20 6259.99613751 1.75278906521e-72 4194.00140989 1.69901301214e-51 3328.99282018 -4.24894959e-52 2738.98862167 3.09261297647e-70 2129.005218 -2.40470712985e-32 917.985474769
4.41471571906 9742.01139072 4.73131226452e-32 8918.99966442 -1.40815481156e-91 7874.01150846 6.4973722687e-10 7857.00775439 7.68541248021e-20 6259.99613751 1.79053973481e-72 4194.00140989 1.8324780622e-51 3328.99282018 -4.31700321276e-52 2738.98862167 3.14276801211e-70 2129.005218 -2.4529246015e-32 917.985474769
4.48160535117 9742.01139072 4.4038813162e-32 8918.99966442 -1.31306855181e-91 7874.01150846 5.72711066523e-10 7857.00775439 7.17157084811e-20 6259.99613751 1.67143290932e-72 4194.00140989 1.77662488115e-51 3328.99282018 -4.01708658532e-52 2738.98862167 2.92475053082e-70 2129.005218 -2.28784498225e-32 917.985474769
4.54849498328 9742.01139072 3.60542088177e-32 8918.99966442 -1.07609795855e-91 7874.01150846 4.70160422039e-10 7857.00775439 5.87786778357e-20 6259.99613751 1.37003023515e-72 4194.00140989 1.4985348522e-51 3328.99282018 -3.29012753562e-52 2738.98862167 2.3954924832e-70 2129.005218 -1.87496951173e-32 917.985474769
4.61538461538 9742.01139072 2.27067134643e-32 8918.99966442 -6.77504169429e-92 7874.01150846 3.40014045924e-10 7857.00775439 3.69558554629e-20 6259.99613751 8.60893358741e-73 4194.00140989 9.65289358528e-52 3328.99282018 -2.07705389165e-52 2738.98862167 1.51192581985e-70 2129.005218 -1.17979942957e-32 917.985474769
4.68227424749 9742.01139072 3.34373095415e-33 8918.99966442 -9.75483220976e-93 7874.01150846 1.80200690687e-10 7857.00775439 5.16006395979e-21 6259.99613751 1.18583926526e-73 4194.00140989 1.43969783336e-52 3328.99282018 -3.18793481345e-53 2738.98862167 2.30982491365e-71 2129.005218 -1.67835975382e-33 917.985474769
4.7491638796 9742.01139072 2.018291635e-34 8918.99966442 -5.91389444927e-94 7874.01150846 1.07468474042e-10 7857.00775439 2.03465278241e-22 6259.99613751 3.62464583614e-75 4194.00140989 7.61369482618e-53 3328.99282018 -3.07737356065e-54 2738.98862167 2.15872915661e-72 2129.005218 -8.70824277392e-35 917.985474769
4.81605351171 9742.01139072 -2.98901537961e-35 8918.99966442 -1.59356685002e-94 7874.01150846 5.40359539973e-11 7857.00775439 3.95631703016e-23 6259.99613751 6.1768951151e-76 4194.00140989 1.34657204617e-52 3328.99282018 -6.67033072246e-55 2738.98862167 4.50086485131e-73 2129.005218 -2.00349895403e-35 917.985474769
4.88294314381 9742.01139072 -2.28608774227e-34 8918.99966442 2.15611214186e-94 7874.01150846 6.28389240441e-12 7857.00775439 -1.02236320472e-22 6259.99613751 -1.98137842037e-75 4194.00140989 1.82183852745e-52 3328.99282018 1.42084139645e-54 2738.98862167 -1.02946152035e-72 2129.005218 3.80555957244e-35 917.985474769
4.94983277592 9742.01139072 -3.8744894573e-34 8918.99966442 5.21063026901e-94 7874.01150846 -3.44355798109e-11 7857.00775439 -2.17169226756e-22 6259.99613751 -4.0849379549e-75 4194.00140989 2.167557693e-52 3328.99282018 3.11649758874e-54 2738.98862167 -2.23042344983e-72 2129.005218 8.52481881394e-35 917.985474769
5.01672240803 9742.01139072 -4.99532916247e-34 8918.99966442 7.44547527407e-94 7874.01150846 -6.67703317227e-11 7857.00775439 -3.00471581227e-22 6259.99613751 -5.60536908745e-75 4194.00140989 2.36411830936e-52 3328.99282018 4.35018324795e-54 2738.98862167 -3.10330789329e-72 2129.005218 1.19601647789e-34 917.985474769
5.08361204013 9742.01139072 -5.57982933715e-34 8918.99966442 8.73613489967e-94 7874.01150846 -8.9368232405e-11 7857.00775439 -3.47379416564e-22 6259.99613751 -6.45505181343e-75 4194.00140989 2.39190914307e-52 3328.99282018 5.05214611738e-54 2738.98862167 -3.59862344073e-72 2129.005218 1.39174834758e-34 917.985474769
5.15050167224 9742.01139072 -5.55921246075e-34 8918.99966442 8.95809688846e-94 7874.01150846 -1.00877150932e-10 7857.00775439 -3.53128765441e-22 6259.99613751 -6.54636612821e-75 4194.00140989 2.23131896068e-52 3328.99282018 5.15263394035e-54 2738.98862167 -3.66687868212e-72 2129.005218 1.4202660913e-34 917.985474769
5.21739130435 9742.01139072 -4.86470101266e-34 8918.99966442 7.98684898307e-94 7874.01150846 -9.99449563773e-11 7857.00775439 -3.12955660537e-22 6259.99613751 -5.79169202718e-75 4194.00140989 1.86273652871e-52 3328.99282018 4.58189446018e-54 2738.98862167 -3.25858220747e-72 2129.005218 1.26215830989e-34 917.985474769
5.28428093645 9742.01139072 -3.42751747228e-34 8918.99966442 5.69787892615e-94 7874.01150846 -8.52195178154e-11 7857.00775439 -2.22096134527e-22 6259.99613751 -4.10340950573e-75 4194.00140989 1.26655061372e-52 3328.99282018 3.27017542019e-54 2738.98862167 -2.32424260676e-72 2129.005218 8.98013604214e-35 917.985474769
5.35117056856 9742.01139072 -1.17888431899e-34 8918.99966442 1.96667446032e-94 7874.01150846 -5.53487043202e-11 7857.00775439 -7.57862200894e-23 6259.99613751 -1.39389855926e-75 4194.00140989 4.23149982241e-53 3328.99282018 1.14772456367e-54 2738.98862167 -8.14368469981e-73 2129.005218 3.084205751e-35 917.985474769
5.41806020067 9742.01139072 -2.34534555563e-34 8918.99966442 3.62527701938e-94 7874.01150846 -5.72229143005e-11 7857.00775439 -1.44093942942e-22 6259.99613751 -2.67575307368e-75 4194.00140989 1.02675504688e-52 3328.99282018 2.11693576106e-54 2738.98862167 -1.50748566565e-72 2129.005218 5.77730239745e-35 917.985474769
5.48494983278 9742.01139072 -1.59012682422e-34 8918.99966442 2.62697491879e-94 7874.01150846 -5.72536676813e-11 7857.00775439 -1.02066510938e-22 6259.99613751 -1.88283285009e-75 4194.00140989 5.92004443287e-53 3328.99282018 1.52211902895e-54 2738.98862167 -1.08121204249e-72 2129.005218 4.13556092678e-35 917.985474769
5.55183946488 9742.01139072 -9.53100472155e-35 8918.99966442 1.77243800584e-94 7874.01150846 -5.61310205563e-11 7857.00775439 -6.62963920099e-23 6259.99613751 -1.20900433719e-75 4194.00140989 2.3299649109e-53 3328.99282018 1.01393650578e-54 2738.98862167 -7.17255841724e-73 2129.005218 2.73467066391e-35 917.985474769
5.61872909699 9742.01139072 -4.34266499432e-35 8918.99966442 1.06166628052e-94 7874.01150846 -5.38549729253e-11 7857.00775439 -3.67835861582e-23 6259.99613751 -6.54267534976e-76 4194.00140989 -5.02688097078e-54 3328.99282018 5.92388191546e-55 2738.98862167 -4.15617063363e-73 2129.005218 1.57463160883e-35 917.985474769
5.6856187291 9742.01139072 -3.36249060505e-36 8918.99966442 4.94659742843e-95 7874.01150846 -5.04255247884e-11 7857.00775439 -1.35280933826e-23 6259.99613751 -2.1862244346e-76 4194.00140989 -2.57791459107e-53 3328.99282018 2.5747408625e-55 2738.98862167 -1.76295707405e-73 2129.005218 6.55443761557e-36 917.985474769
5.7525083612 9742.01139072 2.48824307989e-35 8918.99966442 7.14183927974e-96 7874.01150846 -4.58426761456e-11 7857.00775439 3.47008631697e-24 6259.99613751 9.79309373625e-77 4194.00140989 -3.89571457107e-53 3328.99282018 9.19418989082e-57 2738.98862167 7.08226151322e-76 2129.005218 -2.28928779198e-37 917.985474769
5.81939799331 9742.01139072 4.13081142687e-35 8918.99966442 -2.08057769612e-95 7874.01150846 -4.01064269969e-11 7857.00775439 1.42109529404e-23 6259.99613751 2.95392607492e-76 4194.00140989 -4.45608803709e-53 3328.99282018 -1.52451497532e-55 2738.98862167 1.15394737305e-73 2129.005218 -4.60378309598e-36 917.985474769
5.88628762542 9742.01139072 4.59145598043e-35 8918.99966442 -3.43768744387e-95 7874.01150846 -3.32167773423e-11 7857.00775439 1.86945064878e-23 6259.99613751 3.73762566928e-76 4194.00140989 -4.25903498911e-53 3328.99282018 -2.27462976018e-55 2738.98862167 1.67763826056e-73 2129.005218 -6.57012533476e-36 917.985474769
5.95317725753 9742.01139072 3.87017674058e-35 8918.99966442 -3.35714531525e-95 7874.01150846 -2.51737271817e-11 7857.00775439 1.69207469592e-23 6259.99613751 3.3304081567e-76 4194.00140989 -3.30455542715e-53 3328.99282018 -2.15840245567e-55 2738.98862167 1.57815492405e-73 2129.005218 -6.12795549556e-36 917.985474769
6.02006688963 9742.01139072 1.96697370731e-35 8918.99966442 -1.83895131028e-95 7874.01150846 -1.59772765153e-11 7857.00775439 8.8896743544e-24 6259.99613751 1.73227353719e-76 4194.00140989 -1.5926493512e-53 3328.99282018 -1.17583306179e-55 2738.98862167 8.55497363513e-74 2129.005218 -3.27727357837e-36 917.985474769
6.08695652174 9742.01139072 4.68062417152e-35 8918.99966442 -5.80057548559e-95 7874.01150846 -1.25347685134e-11 7857.00775439 2.49508778177e-23 6259.99613751 4.73127058597e-76 4194.00140989 -2.92328948639e-53 3328.99282018 -3.50728836276e-55 2738.98862167 2.51936211833e-73 2129.005218 -9.65920206595e-36 917.985474769
6.15384615385 9742.01139072 1.79665532178e-34 8918.99966442 -2.23463559854e-94 7874.01150846 -2.19401408671e-11 7857.00775439 9.62738083263e-23 6259.99613751 1.82718060526e-75 4194.00140989 -1.11991007746e-52 3328.99282018 -1.34460633e-54 2738.98862167 9.66074947504e-73 2129.005218 -3.7229335969e-35 917.985474769
6.22073578595 9742.01139072 3.07245848019e-34 8918.99966442 -3.82346848709e-94 7874.01150846 -3.09711707964e-11 7857.00775439 1.64762462969e-22 6259.99613751 3.1274240707e-75 4194.00140989 -1.91460728347e-52 3328.99282018 -2.29899869146e-54 2738.98862167 1.65184170628e-72 2129.005218 -6.37039243465e-35 917.985474769
6.28762541806 9742.01139072 4.29547189237e-34 8918.99966442 -5.34655621421e-94 7874.01150846 -3.96278583014e-11 7857.00775439 2.30416841745e-22 6259.99613751 4.37385745491e-75 4194.00140989 -2.67642056665e-52 3328.99282018 -3.21390592065e-54 2738.98862167 2.30923648817e-72 2129.005218 -8.90829671984e-35 917.985474769
6.35451505017 9742.01139072 5.46569555832e-34 8918.99966442 -6.8038987799e-94 7874.01150846 -4.79102033821e-11 7857.00775439 2.93236944656e-22 6259.99613751 5.56648075791e-75 4194.00140989 -3.40534992701e-52 3328.99282018 -4.08932801757e-54 2738.98862167 2.93825929316e-72 2129.005218 -1.13366464525e-34 917.985474769
6.42140468227 9742.01139072 6.58312947804e-34 8918.99966442 -8.19549618416e-94 7874.01150846 -5.58182060385e-11 7857.00775439 3.53222771701e-22 6259.99613751 6.70529397968e-75 4194.00140989 -4.10139536454e-52 3328.99282018 -4.92526498222e-54 2738.98862167 3.53891012126e-72 2129.005218 -1.36554416325e-34 917.985474769
6.48829431438 9742.01139072 7.64777365153e-34 8918.99966442 -9.52134842699e-94 7874.01150846 -6.33518662705e-11 7857.00775439 4.10374322879e-22 6259.99613751 7.79029712023e-75 4194.00140989 -4.76455687925e-52 3328.99282018 -5.72171681461e-54 2738.98862167 4.11118897247e-72 2129.005218 -1.58646822601e-34 917.985474769
6.55518394649 9742.01139072 8.6596280788e-34 8918.99966442 -1.07814555084e-93 7874.01150846 -7.05111840781e-11 7857.00775439 4.64691598192e-22 6259.99613751 8.82149017956e-75 4194.00140989 -5.39483447115e-52 3328.99282018 -6.47868351472e-54 2738.98862167 4.65509584678e-72 2129.005218 -1.7964368335e-34 917.985474769
6.6220735786 9742.01139072 9.61869275984e-34 8918.99966442 -1.19758174284e-93 7874.01150846 -7.72961594615e-11 7857.00775439 5.16174597638e-22 6259.99613751 9.79887315767e-75 4194.00140989 -5.99222814021e-52 3328.99282018 -7.19616508257e-54 2738.98862167 5.1706307442e-72 2129.005218 -1.99544998574e-34 917.985474769
6.6889632107 9742.01139072 1.05249676947e-33 8918.99966442 -1.31044341869e-93 7874.01150846 -8.37067924205e-11 7857.00775439 5.64823321219e-22 6259.99613751 1.07224460546e-74 4194.00140989 -6.55673788646e-52 3328.99282018 -7.87416151815e-54 2738.98862167 5.65779366473e-72 2129.005218 -2.18350768272e-34 917.985474769
6.75585284281 9742.01139072 1.13784528832e-33 8918.99966442 -1.4167305784e-93 7874.01150846 -8.97430829551e-11 7857.00775439 6.10637768933e-22 6259.99613751 1.15922088702e-74 4194.00140989 -7.08836370989e-52 3328.99282018 -8.51267282146e-54 2738.98862167 6.11658460836e-72 2129.005218 -2.36060992445e-34 917.985474769
6.82274247492 9742.01139072 1.21791483256e-33 8918.99966442 -1.51644322197e-93 7874.01150846 -9.54050310655e-11 7857.00775439 6.53617940782e-22 6259.99613751 1.24081616047e-74 4194.00140989 -7.58710561049e-52 3328.99282018 -9.1116989925e-54 2738.98862167 6.54700357511e-72 2129.005218 -2.52675671093e-34 917.985474769
6.88963210702 9742.01139072 1.29270540217e-33 8918.99966442 -1.60958134939e-93 7874.01150846 -1.00692636751e-10 7857.00775439 6.93763836765e-22 6259.99613751 1.31703042579e-74 4194.00140989 -8.05296358827e-52 3328.99282018 -9.67124003128e-54 2738.98862167 6.94905056496e-72 2129.005218 -2.68194804214e-34 917.985474769
6.95652173913 9742.01139072 1.36221699716e-33 8918.99966442 -1.69614496067e-93 7874.01150846 -1.05605900013e-10 7857.00775439 7.31075456881e-22 6259.99613751 1.38786368299e-74 4194.00140989 -8.48593764322e-52 3328.99282018 -1.01912959378e-53 2738.98862167 7.32272557791e-72 2129.005218 -2.8261839181e-34 917.985474769
7.02341137124 9742.01139072 1.42644961753e-33 8918.99966442 -1.77613405581e-93 7874.01150846 -1.1014482085e-10 7857.00775439 7.65552801132e-22 6259.99613751 1.45331593207e-74 4194.00140989 -8.88602777536e-52 3328.99282018 -1.0671866712e-53 2738.98862167 7.66802861398e-72 2129.005218 -2.95946433881e-34 917.985474769
7.09030100334 9742.01139072 1.48540326328e-33 8918.99966442 -1.84954863481e-93 7874.01150846 -1.14309399263e-10 7857.00775439 7.97195869516e-22 6259.99613751 1.51338717302e-74 4194.00140989 -9.25323398467e-52 3328.99282018 -1.1112952354e-53 2738.98862167 7.98495967315e-72 2129.005218 -3.08178930426e-34 917.985474769
7.15719063545 9742.01139072 1.5390779344e-33 8918.99966442 -1.91638869766e-93 7874.01150846 -1.18099635252e-10 7857.00775439 8.26004662035e-22 6259.99613751 1.56807740586e-74 4194.00140989 -9.58755627116e-52 3328.99282018 -1.15145528637e-53 2738.98862167 8.27351875543e-72 2129.005218 -3.19315881445e-34 917.985474769
7.22408026756 9742.01139072 1.5874736309e-33 8918.99966442 -1.97665424437e-93 7874.01150846 -1.21515528816e-10 7857.00775439 8.51979178687e-22 6259.99613751 1.61738663057e-74 4194.00140989 -9.88899463483e-52 3328.99282018 -1.18766682411e-53 2738.98862167 8.53370586081e-72 2129.005218 -3.29357286939e-34 917.985474769
7.29096989967 9742.01139072 1.63059035278e-33 8918.99966442 -2.03034527494e-93 7874.01150846 -1.24557079956e-10 7857.00775439 8.75119419474e-22 6259.99613751 1.66131484716e-74 4194.00140989 -1.01575490757e-51 3328.99282018 -1.21992984863e-53 2738.98862167 8.76552098931e-72 2129.005218 -3.38303146907e-34 917.985474769
7.35785953177 9742.01139072 1.66842810003e-33 8918.99966442 -2.07746178936e-93 7874.01150846 -1.27224288672e-10 7857.00775439 8.95425384394e-22 6259.99613751 1.69986205563e-74 4194.00140989 -1.03932195937e-51 3328.99282018 -1.24824435992e-53 2738.98862167 8.96896414091e-72 2129.005218 -3.46153461349e-34 917.985474769
7.42474916388 9742.01139072 1.70098687266e-33 8918.99966442 -2.11800378764e-93 7874.01150846 -1.29517154963e-10 7857.00775439 9.12897073449e-22 6259.99613751 1.73302825597e-74 4194.00140989 -1.05960061889e-51 3328.99282018 -1.27261035798e-53 2738.98862167 9.14403531562e-72 2129.005218 -3.52908230266e-34 917.985474769
7.49163879599 9742.01139072 1.72826667067e-33 8918.99966442 -2.15197126978e-93 7874.01150846 -1.3143567883e-10 7857.00775439 9.27534486637e-22 6259.99613751 1.76081344819e-74 4194.00140989 -1.07659088613e-51 3328.99282018 -1.29302784282e-53 2738.98862167 9.29073451343e-72 2129.005218 -3.58567453658e-34 917.985474769
7.55852842809 9742.01139072 1.75026749406e-33 8918.99966442 -2.17936423577e-93 7874.01150846 -1.32979860273e-10 7857.00775439 9.3933762396e-22 6259.99613751 1.78321763229e-74 4194.00140989 -1.09029276108e-51 3328.99282018 -1.30949681443e-53 2738.98862167 9.40906173435e-72 2129.005218 -3.63131131524e-34 917.985474769
7.6254180602 9742.01139072 1.76698934282e-33 8918.99966442 -2.20018268562e-93 7874.01150846 -1.34149699291e-10 7857.00775439 9.48306485416e-22 6259.99613751 1.80024080827e-74 4194.00140989 -1.10070624376e-51 3328.99282018 -1.32201727281e-53 2738.98862167 9.49901697838e-72 2129.005218 -3.66599263864e-34 917.985474769
7.69230769231 9742.01139072 1.77843221696e-33 8918.99966442 -2.21442661933e-93 7874.01150846 -1.34945195885e-10 7857.00775439 9.54441071007e-22 6259.99613751 1.81188297613e-74 4194.00140989 -1.10783133415e-51 3328.99282018 -1.33058921796e-53 2738.98862167 9.56060024552e-72 2129.005218 -3.68971850678e-34 917.985474769
7.75919732441 9742.01139072 1.78459611648e-33 8918.99966442 -2.2220960369e-93 7874.01150846 -1.35366350055e-10 7857.00775439 9.57741380731e-22 6259.99613751 1.81814413586e-74 4194.00140989 -1.11166803226e-51 3328.99282018 -1.33521264989e-53 2738.98862167 9.59381153576e-72 2129.005218 -3.70248891967e-34 917.985474769
7.82608695652 9742.01139072 1.78548104137e-33 8918.99966442 -2.22319093832e-93 7874.01150846 -1.354131618e-10 7857.00775439 9.58207414589e-22 6259.99613751 1.81902428748e-74 4194.00140989 -1.11221633808e-51 3328.99282018 -1.33588756859e-53 2738.98862167 9.59865084911e-72 2129.005218 -3.70430387731e-34 917.985474769
7.89297658863 9742.01139072 1.78108699165e-33 8918.99966442 -2.2177113236e-93 7874.01150846 -1.35085631121e-10 7857.00775439 9.55839172582e-22 6259.99613751 1.81452343097e-74 4194.00140989 -1.10947625163e-51 3328.99282018 -1.33261397407e-53 2738.98862167 9.57511818557e-72 2129.005218 -3.69516337969e-34 917.985474769
7.95986622074 9742.01139072 1.77141396729e-33 8918.99966442 -2.20565719274e-93 7874.01150846 -1.34383758018e-10 7857.00775439 9.50636654708e-22 6259.99613751 1.80464156633e-74 4194.00140989 -1.10344777289e-51 3328.99282018 -1.32539186632e-53 2738.98862167 9.52321354513e-72 2129.005218 -3.67506742681e-34 917.985474769
8.02675585284 9742.01139072 1.75646196832e-33 8918.99966442 -2.18702854573e-93 7874.01150846 -1.3330754249e-10 7857.00775439 9.42599860969e-22 6259.99613751 1.78937869358e-74 4194.00140989 -1.09413090187e-51 3328.99282018 -1.31422124534e-53 2738.98862167 9.44293692781e-72 2129.005218 -3.64401601868e-34 917.985474769
8.09364548495 9742.01139072 1.73623099473e-33 8918.99966442 -2.16182538258e-93 7874.01150846 -1.31856984538e-10 7857.00775439 9.31728791363e-22 6259.99613751 1.7687348127e-74 4194.00140989 -1.08152563857e-51 3328.99282018 -1.29910211113e-53 2738.98862167 9.33428833359e-72 2129.005218 -3.60200915529e-34 917.985474769
8.16053511706 9742.01139072 1.71072104651e-33 8918.99966442 -2.13004770329e-93 7874.01150846 -1.30032084161e-10 7857.00775439 9.18023445892e-22 6259.99613751 1.74270992371e-74 4194.00140989 -1.06563198298e-51 3328.99282018 -1.2800344637e-53 2738.98862167 9.19726776247e-72 2129.005218 -3.54904683665e-34 917.985474769
8.22742474916 9742.01139072 1.67993212367e-33 8918.99966442 -2.09169550785e-93 7874.01150846 -1.27832841361e-10 7857.00775439 9.01483824554e-22 6259.99613751 1.71130402659e-74 4194.00140989 -1.04644993512e-51 3328.99282018 -1.25701830304e-53 2738.98862167 9.03187521447e-72 2129.005218 -3.48512906275e-34 917.985474769
8.29431438127 9742.01139072 1.6438642262e-33 8918.99966442 -2.04676879627e-93 7874.01150846 -1.25259256136e-10 7857.00775439 8.8210992735e-22 6259.99613751 1.67451712134e-74 4194.00140989 -1.02397949497e-51 3328.99282018 -1.23005362915e-53 2738.98862167 8.83811068957e-72 2129.005218 -3.41025583359e-34 917.985474769
8.36120401338 9742.01139072 1.60251735412e-33 8918.99966442 -1.99526756855e-93 7874.01150846 -1.22311328486e-10 7857.00775439 8.59901754281e-22 6259.99613751 1.63234920798e-74 4194.00140989 -9.98220662537e-52 3328.99282018 -1.19914044204e-53 2738.98862167 8.61597418778e-72 2129.005218 -3.32442714918e-34 917.985474769
8.42809364548 9742.01139072 1.55589150741e-33 8918.99966442 -1.93719182468e-93 7874.01150846 -1.18989058413e-10 7857.00775439 8.34859305345e-22 6259.99613751 1.58480028649e-74 4194.00140989 -9.69173437824e-52 3328.99282018 -1.1642787417e-53 2738.98862167 8.36546570909e-72 2129.005218 -3.22764300951e-34 917.985474769
8.49498327759 9742.01139072 1.50398668607e-33 8918.99966442 -1.87254156467e-93 7874.01150846 -1.15292445914e-10 7857.00775439 8.06982580544e-22 6259.99613751 1.53187035688e-74 4194.00140989 -9.36837820828e-52 3328.99282018 -1.12546852813e-53 2738.98862167 8.08658525351e-72 2129.005218 -3.11990341459e-34 917.985474769
8.5618729097 9742.01139072 1.44680289012e-33 8918.99966442 -1.80131678852e-93 7874.01150846 -1.11221490992e-10 7857.00775439 7.76271579876e-22 6259.99613751 1.47355941915e-74 4194.00140989 -9.0121381155e-52 3328.99282018 -1.08270980134e-53 2738.98862167 7.77933282104e-72 2129.005218 -3.00120836441e-34 917.985474769
8.62876254181 9742.01139072 1.38434011954e-33 8918.99966442 -1.72351749623e-93 7874.01150846 -1.06776193645e-10 7857.00775439 7.42726303342e-22 6259.99613751 1.4098674733e-74 4194.00140989 -8.6230140999e-52 3328.99282018 -1.03600256132e-53 2738.98862167 7.44370841168e-72 2129.005218 -2.87155785897e-34 917.985474769
8.69565217391 9742.01139072 1.31659837434e-33 8918.99966442 -1.63914368779e-93 7874.01150846 -1.01956553874e-10 7857.00775439 7.06346750943e-22 6259.99613751 1.34079451932e-74 4194.00140989 -8.20100616148e-52 3328.99282018 -9.85346808072e-54 2738.98862167 7.07971202543e-72 2129.005218 -2.73095189828e-34 917.985474769
8.76254180602 9742.01139072 1.24357765452e-33 8918.99966442 -1.54819536321e-93 7874.01150846 -9.67625716788e-11 7857.00775439 6.67132922677e-22 6259.99613751 1.26634055722e-74 4194.00140989 -7.74611430023e-52 3328.99282018 -9.30742541598e-54 2738.98862167 6.68734366228e-72 2129.005218 -2.57939048234e-34 917.985474769
8.82943143813 9742.01139072 1.16527796007e-33 8918.99966442 -1.45067252249e-93 7874.01150846 -9.11942470591e-11 7857.00775439 6.25084818546e-22 6259.99613751 1.186505587e-74 4194.00140989 -7.25833851617e-52 3328.99282018 -8.72189761897e-54 2738.98862167 6.26660332224e-72 2129.005218 -2.41687361113e-34 917.985474769
8.89632107023 9742.01139072 1.081699291e-33 8918.99966442 -1.34657516562e-93 7874.01150846 -8.5251580015e-11 7857.00775439 5.80202438548e-22 6259.99613751 1.10128960866e-74 4194.00140989 -6.73767880928e-52 3328.99282018 -8.09688468969e-54 2738.98862167 5.8174910053e-72 2129.005218 -2.24340128467e-34 917.985474769
8.96321070234 9742.01139072 9.92841647313e-34 8918.99966442 -1.23590329261e-93 7874.01150846 -7.89345705466e-11 7857.00775439 5.32485782684e-22 6259.99613751 1.0106926222e-74 4194.00140989 -6.18413517956e-52 3328.99282018 -7.43238662814e-54 2738.98862167 5.34000671147e-72 2129.005218 -2.05897350296e-34 917.985474769
9.03010033445 9742.01139072 8.98705028999e-34 8918.99966442 -1.11865690346e-93 7874.01150846 -7.22432186538e-11 7857.00775439 4.81934850955e-22 6259.99613751 9.1471462761e-75 4194.00140989 -5.59770762703e-52 3328.99282018 -6.72840343433e-54 2738.98862167 4.83415044075e-72 2129.005218 -1.86359026599e-34 917.985474769
9.09698996656 9742.01139072 7.99289436062e-34 8918.99966442 -9.94835998164e-94 7874.01150846 -6.51775243367e-11 7857.00775439 4.28549643359e-22 6259.99613751 8.13355624901e-75 4194.00140989 -4.97839615167e-52 3328.99282018 -5.98493510824e-54 2738.98862167 4.29992219314e-72 2129.005218 -1.65725157376e-34 917.985474769
9.16387959866 9742.01139072 6.94594868503e-34 8918.99966442 -8.64440576725e-94 7874.01150846 -5.77374875953e-11 7857.00775439 3.72330159897e-22 6259.99613751 7.06615614071e-75 4194.00140989 -4.32620075349e-52 3328.99282018 -5.20198164989e-54 2738.98862167 3.73732196864e-72 2129.005218 -1.43995742628e-34 917.985474769
9.23076923077 9742.01139072 5.84621326321e-34 8918.99966442 -7.27470639144e-94 7874.01150846 -4.99231084295e-11 7857.00775439 3.1327640057e-22 6259.99613751 5.94494595118e-75 4194.00140989 -3.64112143249e-52 3328.99282018 -4.37954305927e-54 2738.98862167 3.14634976724e-72 2129.005218 -1.21170782355e-34 917.985474769
9.29765886288 9742.01139072 4.69368809516e-34 8918.99966442 -5.83926185419e-94 7874.01150846 -4.17343868394e-11 7857.00775439 2.51388365376e-22 6259.99613751 4.76992568043e-75 4194.00140989 -2.92315818867e-52 3328.99282018 -3.51761933638e-54 2738.98862167 2.52700558895e-72 2129.005218 -9.72502765552e-35 917.985474769
9.36454849498 9742.01139072 3.48837318088e-34 8918.99966442 -4.33807215551e-94 7874.01150846 -3.3171322825e-11 7857.00775439 1.86666054316e-22 6259.99613751 3.54109532845e-75 4194.00140989 -2.17231102202e-52 3328.99282018 -2.61621048123e-54 2738.98862167 1.87928943376e-72 2129.005218 -7.22342252303e-35 917.985474769
9.43143812709 9742.01139072 2.23026852038e-34 8918.99966442 -2.7711372954e-94 7874.01150846 -2.42339163862e-11 7857.00775439 1.1910946739e-22 6259.99613751 2.25845489526e-75 4194.00140989 -1.38857993255e-52 3328.99282018 -1.6753164938e-54 2738.98862167 1.20320130169e-72 2129.005218 -4.61226283798e-35 917.985474769
9.4983277592 9742.01139072 9.1937411365e-35 8918.99966442 -1.13845727387e-94 7874.01150846 -1.49221675231e-11 7857.00775439 4.87186045987e-23 6259.99613751 9.22004380846e-76 4194.00140989 -5.71964920262e-53 3328.99282018 -6.94937374107e-55 2738.98862167 4.98741192718e-73 2129.005218 -1.89154860037e-35 917.985474769
9.5652173913 9742.01139072 2.49046534736e-36 8918.99966442 -2.44332431964e-96 7874.01150846 -8.53917717041e-12 7857.00775439 6.89236009296e-25 6259.99613751 1.01152099413e-77 4194.00140989 -1.47578833451e-54 3328.99282018 -2.59850839737e-56 2738.98862167 1.80600898616e-74 2129.005218 -3.51322291719e-37 917.985474769
9.63210702341 9742.01139072 2.48339674627e-36 8918.99966442 -2.43757508342e-96 7874.01150846 -8.44970738926e-12 7857.00775439 6.87477462921e-25 6259.99613751 1.00888767582e-77 4194.00140989 -1.47071223345e-54 3328.99282018 -2.59222862917e-56 2738.98862167 1.80160419762e-74 2129.005218 -3.5045677745e-37 917.985474769
9.69899665552 9742.01139072 2.47470518012e-36 8918.99966442 -2.43018654984e-96 7874.01150846 -8.35740156371e-12 7857.00775439 6.85261790276e-25 6259.99613751 1.00558549185e-77 4194.00140989 -1.46470939036e-54 3328.99282018 -2.58421277462e-56 2738.98862167 1.79599434454e-74 2129.005218 -3.49357064514e-37 917.985474769
9.76588628763 9742.01139072 2.46439064893e-36 8918.99966442 -2.42115871892e-96 7874.01150846 -8.26225969379e-12 7857.00775439 6.82588991359e-25 6259.99613751 1.00161444222e-77 4194.00140989 -1.45777980523e-54 3328.99282018 -2.57446083374e-56 2738.98862167 1.78917942694e-74 2129.005218 -3.48023152913e-37 917.985474769
9.83277591973 9742.01139072 2.4524531527e-36 8918.99966442 -2.41049159064e-96 7874.01150846 -8.16428177948e-12 7857.00775439 6.79459066171e-25 6259.99613751 9.96974526929e-78 4194.00140989 -1.44992347807e-54 3328.99282018 -2.56297280651e-56 2738.98862167 1.7811594448e-74 2129.005218 -3.46455042645e-37 917.985474769
9.89966555184 9742.01139072 2.43889269142e-36 8918.99966442 -2.39818516502e-96 7874.01150846 -8.06346782079e-12 7857.00775439 6.75872014711e-25 6259.99613751 9.91665745977e-78 4194.00140989 -1.44114040887e-54 3328.99282018 -2.54974869293e-56 2738.98862167 1.77193439813e-74 2129.005218 -3.4465273371e-37 917.985474769
9.96655518395 9742.01139072 2.4237092651e-36 8918.99966442 -2.38423944204e-96 7874.01150846 -7.95981781772e-12 7857.00775439 6.7182783698e-25 6259.99613751 9.85688099364e-78 4194.00140989 -1.43143059764e-54 3328.99282018 -2.53478849301e-56 2738.98862167 1.76150428693e-74 2129.005218 -3.42616226109e-37 917.985474769
10.0334448161 9742.01139072 2.40690287373e-36 8918.99966442 -2.36865442172e-96 7874.01150846 -7.85333177026e-12 7857.00775439 6.67326532978e-25 6259.99613751 9.79041587089e-78 4194.00140989 -1.42079404436e-54 3328.99282018 -2.51809220675e-56 2738.98862167 1.74986911119e-74 2129.005218 -3.40345519842e-37 917.985474769
10.1003344482 9742.01139072 2.38847351731e-36 8918.99966442 -2.35143010404e-96 7874.01150846 -7.74400967842e-12 7857.00775439 6.62368102704e-25 6259.99613751 9.71726209154e-78 4194.00140989 -1.40923074905e-54 3328.99282018 -2.49965983414e-56 2738.98862167 1.73702887093e-74 2129.005218 -3.37840614908e-37 917.985474769
10.1672240803 9742.01139072 2.36842119585e-36 8918.99966442 -2.33256648902e-96 7874.01150846 -7.63185154219e-12 7857.00775439 6.5695254616e-25 6259.99613751 9.63741965558e-78 4194.00140989 -1.39674071171e-54 3328.99282018 -2.47949137519e-56 2738.98862167 1.72298356613e-74 2129.005218 -3.35101511308e-37 917.985474769
10.2341137124 9742.01139072 2.34674590935e-36 8918.99966442 -2.31206357664e-96 7874.01150846 -7.51685736158e-12 7857.00775439 6.51079863344e-25 6259.99613751 9.550888563e-78 4194.00140989 -1.38332393233e-54 3328.99282018 -2.4575868299e-56 2738.98862167 1.7077331968e-74 2129.005218 -3.32128209041e-37 917.985474769
10.3010033445 9742.01139072 2.3234476578e-36 8918.99966442 -2.28992136692e-96 7874.01150846 -7.39902713659e-12 7857.00775439 6.44750054256e-25 6259.99613751 9.45766881381e-78 4194.00140989 -1.36898041091e-54 3328.99282018 -2.43394619826e-56 2738.98862167 1.69127776295e-74 2129.005218 -3.28920708108e-37 917.985474769
10.3678929766 9742.01139072 2.29852644121e-36 8918.99966442 -2.26613985985e-96 7874.01150846 -7.27836086722e-12 7857.00775439 6.37963118897e-25 6259.99613751 9.35776040801e-78 4194.00140989 -1.35371014745e-54 3328.99282018 -2.40856948028e-56 2738.98862167 1.67361726455e-74 2129.005218 -3.25479008508e-37 917.985474769
10.4347826087 9742.01139072 2.27198225957e-36 8918.99966442 -2.24071905542e-96 7874.01150846 -7.15485855346e-12 7857.00775439 6.30719057268e-25 6259.99613751 9.2511633456e-78 4194.00140989 -1.33751314196e-54 3328.99282018 -2.38145667596e-56 2738.98862167 1.65475170163e-74 2129.005218 -3.21803110242e-37 917.985474769
10.5016722408 9742.01139072 2.24381511288e-36 8918.99966442 -2.21365895365e-96 7874.01150846 -7.02852019532e-12 7857.00775439 6.23017869366e-25 6259.99613751 9.13787762658e-78 4194.00140989 -1.32038939443e-54 3328.99282018 -2.35260778529e-56 2738.98862167 1.63468107418e-74 2129.005218 -3.1789301331e-37 917.985474769
10.5685618729 9742.01139072 2.21402500116e-36 8918.99966442 -2.18495955452e-96 7874.01150846 -6.89934579279e-12 7857.00775439 6.14859555194e-25 6259.99613751 9.01790325095e-78 4194.00140989 -1.30233890487e-54 3328.99282018 -2.32202280827e-56 2738.98862167 1.6134053822e-74 2129.005218 -3.13748717711e-37 917.985474769
10.635451505 9742.01139072 2.18261192438e-36 8918.99966442 -2.15462085805e-96 7874.01150846 -6.76733534588e-12 7857.00775439 6.0624411475e-25 6259.99613751 8.89124021871e-78 4194.00140989 -1.28336167327e-54 3328.99282018 -2.28970174492e-56 2738.98862167 1.59092462568e-74 2129.005218 -3.09370223446e-37 917.985474769
10.7023411371 9742.01139072 2.14957588256e-36 8918.99966442 -2.12264286423e-96 7874.01150846 -6.63248885459e-12 7857.00775439 5.97171548035e-25 6259.99613751 8.75788852985e-78 4194.00140989 -1.26345769963e-54 3328.99282018 -2.25564459522e-56 2738.98862167 1.56723880463e-74 2129.005218 -3.04757530514e-37 917.985474769
10.7692307692 9742.01139072 2.1149168757e-36 8918.99966442 -2.08902557305e-96 7874.01150846 -6.49480631892e-12 7857.00775439 5.87641855048e-25 6259.99613751 8.61784818439e-78 4194.00140989 -1.24262698396e-54 3328.99282018 -2.21985135917e-56 2738.98862167 1.54234791905e-74 2129.005218 -2.99910638916e-37 917.985474769
10.8361204013 9742.01139072 2.07863490379e-36 8918.99966442 -2.05376898453e-96 7874.01150846 -6.35428773886e-12 7857.00775439 5.7765503579e-25 6259.99613751 8.47111918231e-78 4194.00140989 -1.22086952625e-54 3328.99282018 -2.18232203679e-56 2738.98862167 1.51625196894e-74 2129.005218 -2.94829548652e-37 917.985474769
10.9030100334 9742.01139072 2.04072996684e-36 8918.99966442 -2.01687309865e-96 7874.01150846 -6.21093311442e-12 7857.00775439 5.67211090261e-25 6259.99613751 8.31770152362e-78 4194.00140989 -1.19818532651e-54 3328.99282018 -2.14305662805e-56 2738.98862167 1.4889509543e-74 2129.005218 -2.89514259721e-37 917.985474769
10.9698996656 9742.01139072 2.00120206484e-36 8918.99966442 -1.97833791543e-96 7874.01150846 -6.06474244559e-12 7857.00775439 5.56310018461e-25 6259.99613751 8.15759520832e-78 4194.00140989 -1.17457438472e-54 3328.99282018 -2.10205513298e-56 2738.98862167 1.46044487513e-74 2129.005218 -2.83964772123e-37 917.985474769
11.0367892977 9742.01139072 1.96005119779e-36 8918.99966442 -1.93816343486e-96 7874.01150846 -5.91571573239e-12 7857.00775439 5.44951820389e-25 6259.99613751 7.99080023641e-78 4194.00140989 -1.15003670091e-54 3328.99282018 -2.05931755156e-56 2738.98862167 1.43073373142e-74 2129.005218 -2.7818108586e-37 917.985474769
11.1036789298 9742.01139072 1.9172773657e-36 8918.99966442 -1.89634965694e-96 7874.01150846 -5.76385297479e-12 7857.00775439 5.33136496046e-25 6259.99613751 7.81731660789e-78 4194.00140989 -1.12457227505e-54 3328.99282018 -2.0148438838e-56 2738.98862167 1.39981752319e-74 2129.005218 -2.72163200929e-37 917.985474769
11.1705685619 9742.01139072 1.87288056857e-36 8918.99966442 -1.85289658166e-96 7874.01150846 -5.60915417282e-12 7857.00775439 5.20864045432e-25 6259.99613751 7.63714432275e-78 4194.00140989 -1.09818110716e-54 3328.99282018 -1.96863412969e-56 2738.98862167 1.36769625042e-74 2129.005218 -2.65911117333e-37 917.985474769
11.237458194 9742.01139072 1.82686080639e-36 8918.99966442 -1.80780420904e-96 7874.01150846 -5.45161932646e-12 7857.00775439 5.08134468547e-25 6259.99613751 7.45028338101e-78 4194.00140989 -1.07086319723e-54 3328.99282018 -1.92068828924e-56 2738.98862167 1.33436991312e-74 2129.005218 -2.5942483507e-37 917.985474769
11.3043478261 9742.01139072 1.77921807917e-36 8918.99966442 -1.76107253907e-96 7874.01150846 -5.29124843572e-12 7857.00775439 4.9494776539e-25 6259.99613751 7.25673378265e-78 4194.00140989 -1.04261854527e-54 3328.99282018 -1.87100636245e-56 2738.98862167 1.29983851129e-74 2129.005218 -2.5270435414e-37 917.985474769
11.3712374582 9742.01139072 1.7299523869e-36 8918.99966442 -1.71270157174e-96 7874.01150846 -5.12804150059e-12 7857.00775439 4.81303935962e-25 6259.99613751 7.05649552768e-78 4194.00140989 -1.01344715127e-54 3328.99282018 -1.81958834931e-56 2738.98862167 1.26410204493e-74 2129.005218 -2.45749674544e-37 917.985474769
11.4381270903 9742.01139072 1.67906372958e-36 8918.99966442 -1.66269130707e-96 7874.01150846 -4.96199852109e-12 7857.00775439 4.67202980262e-25 6259.99613751 6.84956861611e-78 4194.00140989 -9.83349015229e-55 3328.99282018 -1.76643424983e-56 2738.98862167 1.22716051403e-74 2129.005218 -2.38560796282e-37 917.985474769
11.5050167224 9742.01139072 1.62655210723e-36 8918.99966442 -1.61104174505e-96 7874.01150846 -4.79311949719e-12 7857.00775439 4.52644898291e-25 6259.99613751 6.63595304792e-78 4194.00140989 -9.52324137156e-55 3328.99282018 -1.711544064e-56 2738.98862167 1.18901391861e-74 2129.005218 -2.31137719353e-37 917.985474769
11.5719063545 9742.01139072 1.57241751982e-36 8918.99966442 -1.55775288568e-96 7874.01150846 -4.62140442892e-12 7857.00775439 4.37629690049e-25 6259.99613751 6.41564882311e-78 4194.00140989 -9.20372517046e-55 3328.99282018 -1.65491779183e-56 2738.98862167 1.14966225865e-74 2129.005218 -2.23480443758e-37 917.985474769
11.6387959866 9742.01139072 1.51665996737e-36 8918.99966442 -1.50282472895e-96 7874.01150846 -4.44685331626e-12 7857.00775439 4.22157355536e-25 6259.99613751 6.1886559417e-78 4194.00140989 -8.874941549e-55 3328.99282018 -1.59655543332e-56 2738.98862167 1.10910553416e-74 2129.005218 -2.15588969496e-37 917.985474769
11.7056856187 9742.01139072 1.45927944988e-36 8918.99966442 -1.44625727488e-96 7874.01150846 -4.26946615922e-12 7857.00775439 4.06227894751e-25 6259.99613751 5.95497440368e-78 4194.00140989 -8.53689050717e-55 3328.99282018 -1.53645698846e-56 2738.98862167 1.06734374514e-74 2129.005218 -2.07463296568e-37 917.985474769
11.7725752508 9742.01139072 1.40027596734e-36 8918.99966442 -1.38805052346e-96 7874.01150846 -4.0892429578e-12 7857.00775439 3.89841307695e-25 6259.99613751 5.71460420904e-78 4194.00140989 -8.18957204498e-55 3328.99282018 -1.47462245726e-56 2738.98862167 1.02437689159e-74 2129.005218 -1.99103424974e-37 917.985474769
11.8394648829 9742.01139072 1.33964951976e-36 8918.99966442 -1.32820447469e-96 7874.01150846 -3.90618371199e-12 7857.00775439 3.72997594368e-25 6259.99613751 5.4675453578e-78 4194.00140989 -7.83298616243e-55 3328.99282018 -1.41105183972e-56 2738.98862167 9.80204973511e-75 2129.005218 -1.90509354713e-37 917.985474769
11.9063545151 9742.01139072 1.27740010713e-36 8918.99966442 -1.26671912857e-96 7874.01150846 -3.7202884218e-12 7857.00775439 3.5569675477e-25 6259.99613751 5.21379784994e-78 4194.00140989 -7.46713285951e-55 3328.99282018 -1.34574513583e-56 2738.98862167 9.34827990898e-75 2129.005218 -1.81681085786e-37 917.985474769
11.9732441472 9742.01139072 1.21352772945e-36 8918.99966442 -1.20359448509e-96 7874.01150846 -3.53155708722e-12 7857.00775439 3.379387889e-25 6259.99613751 4.95336168547e-78 4194.00140989 -7.09201213623e-55 3328.99282018 -1.2787023456e-56 2738.98862167 8.88245943753e-75 2129.005218 -1.72618618192e-37 917.985474769
12.0401337793 9742.01139072 1.14803238673e-36 8918.99966442 -1.13883054427e-96 7874.01150846 -3.33998970826e-12 7857.00775439 3.19723696759e-25 6259.99613751 4.68623686439e-78 4194.00140989 -6.70762399259e-55 3328.99282018 -1.20992346902e-56 2738.98862167 8.40458832076e-75 2129.005218 -1.63321951932e-37 917.985474769
12.1070234114 9742.01139072 1.08091407897e-36 8918.99966442 -1.0724273061e-96 7874.01150846 -3.14558628492e-12 7857.00775439 3.01051478346e-25 6259.99613751 4.4124233867e-78 4194.00140989 -6.31396842858e-55 3328.99282018 -1.13940850611e-56 2738.98862167 7.91466655868e-75 2129.005218 -1.53791087005e-37 917.985474769
12.1739130435 9742.01139072 1.01217280616e-36 8918.99966442 -1.00438477058e-96 7874.01150846 -2.9483468172e-12 7857.00775439 2.81922133663e-25 6259.99613751 4.13192125239e-78 4194.00140989 -5.9110454442e-55 3328.99282018 -1.06715745684e-56 2738.98862167 7.41269415129e-75 2129.005218 -1.44026023412e-37 917.985474769
12.2408026756 9742.01139072 9.41808568307e-37 8918.99966442 -9.34702937709e-97 7874.01150846 -2.74827130509e-12 7857.00775439 2.62335662708e-25 6259.99613751 3.84473046148e-78 4194.00140989 -5.49885503946e-55 3328.99282018 -9.93170321235e-57 2738.98862167 6.89867109858e-75 2129.005218 -1.34026761153e-37 917.985474769
12.3076923077 9742.01139072 8.69821365409e-37 8918.99966442 -8.63381807488e-97 7874.01150846 -2.5453597486e-12 7857.00775439 2.42292065481e-25 6259.99613751 3.55085101395e-78 4194.00140989 -5.07739721436e-55 3328.99282018 -9.17447099285e-57 2738.98862167 6.37259740055e-75 2129.005218 -1.23793300227e-37 917.985474769
12.3745819398 9742.01139072 7.96211197465e-37 8918.99966442 -7.90421379917e-97 7874.01150846 -2.33961214772e-12 7857.00775439 2.21791341984e-25 6259.99613751 3.25028290982e-78 4194.00140989 -4.6466719689e-55 3328.99282018 -8.39987790991e-57 2738.98862167 5.83447305721e-75 2129.005218 -1.13325640634e-37 917.985474769
12.4414715719 9742.01139072 7.20978064476e-37 8918.99966442 -7.15821654996e-97 7874.01150846 -2.13102850246e-12 7857.00775439 2.00833492215e-25 6259.99613751 2.94302614907e-78 4194.00140989 -4.20667930307e-55 3328.99282018 -7.60792396353e-57 2738.98862167 5.28429806856e-75 2129.005218 -1.02623782376e-37 917.985474769
12.508361204 9742.01139072 6.44121966442e-37 8918.99966442 -6.39582632725e-97 7874.01150846 -1.91960881282e-12 7857.00775439 1.79418516175e-25 6259.99613751 2.62908073171e-78 4194.00140989 -3.75741921688e-55 3328.99282018 -6.79860915371e-57 2738.98862167 4.7220724346e-75 2129.005218 -9.16877254506e-38 917.985474769
12.5752508361 9742.01139072 5.65642903363e-37 8918.99966442 -5.61704313104e-97 7874.01150846 -1.7053530788e-12 7857.00775439 1.57546413863e-25 6259.99613751 2.30844665774e-78 4194.00140989 -3.29889171032e-55 3328.99282018 -5.97193348045e-57 2738.98862167 4.14779615531e-75 2129.005218 -8.0517469859e-38 917.985474769
12.6421404682 9742.01139072 4.85540875239e-37 8918.99966442 -4.82186696134e-97 7874.01150846 -1.48826130039e-12 7857.00775439 1.3521718528e-25 6259.99613751 1.98112392716e-78 4194.00140989 -2.8310967834e-55 3328.99282018 -5.12789694376e-57 2738.98862167 3.56146923072e-75 2129.005218 -6.9113015601e-38 917.985474769
12.7090301003 9742.01139072 4.0381588207e-37 8918.99966442 -4.01029781813e-97 7874.01150846 -1.2683334776e-12 7857.00775439 1.12430830426e-25 6259.99613751 1.64711253996e-78 4194.00140989 -2.35403443611e-55 3328.99282018 -4.26649954363e-57 2738.98862167 2.96309166081e-75 2129.005218 -5.74743626766e-38 917.985474769
12.7759197324 9742.01139072 3.20467923856e-37 8918.99966442 -3.18233570143e-97 7874.01150846 -1.04556961042e-12 7857.00775439 8.91873493007e-26 6259.99613751 1.30641249616e-78 4194.00140989 -1.86770466846e-55 3328.99282018 -3.38774128006e-57 2738.98862167 2.35266344558e-75 2129.005218 -4.56015110857e-38 917.985474769
12.8428093645 9742.01139072 2.35497000597e-37 8918.99966442 -2.33798061123e-97 7874.01150846 -8.19969698864e-13 7857.00775439 6.5486741904e-26 6259.99613751 9.59023795745e-79 4194.00140989 -1.37210748045e-55 3328.99282018 -2.49162215306e-57 2738.98862167 1.73018458504e-75 2129.005218 -3.34944608285e-38 917.985474769
12.9096989967 9742.01139072 1.48903112293e-37 8918.99966442 -1.47723254752e-97 7874.01150846 -5.91533742922e-13 7857.00775439 4.1329008236e-26 6259.99613751 6.04946438718e-79 4194.00140989 -8.67242872072e-56 3328.99282018 -1.57814216261e-57 2738.98862167 1.09565507919e-75 2129.005218 -2.11532119048e-38 917.985474769
12.9765886288 9742.01139072 6.06862589442e-38 8918.99966442 -6.00091510323e-98 7874.01150846 -3.60261742597e-13 7857.00775439 1.67141482967e-26 6259.99613751 2.4418042508e-79 4194.00140989 -3.53110843331e-56 3328.99282018 -6.47301308733e-58 2738.98862167 4.49074928021e-76 2129.005218 -8.57776431463e-39 917.985474769
13.0434782609 9742.01139072 -1.23461888027e-36 8918.99966442 1.2117310794e-96 7874.01150846 3.81533517305e-12 7857.00775439 -3.42107118622e-25 6259.99613751 -5.02251253461e-78 4194.00140989 7.31889032047e-55 3328.99282018 1.28650823187e-56 2738.98862167 -8.94270674547e-75 2129.005218 1.74294292321e-37 917.985474769
13.110367893 9742.01139072 -1.210727591e-36 8918.99966442 1.1882809443e-96 7874.01150846 3.74271410521e-12 7857.00775439 -3.35485826059e-25 6259.99613751 -4.92530060629e-78 4194.00140989 7.17725899374e-55 3328.99282018 1.26161627976e-56 2738.98862167 -8.7696763698e-75 2129.005218 1.70921118254e-37 917.985474769
13.1772575251 9742.01139072 -1.18683630173e-36 8918.99966442 1.16483080921e-96 7874.01150846 3.67009303737e-12 7857.00775439 -3.28864533497e-25 6259.99613751 -4.82808867797e-78 4194.00140989 7.03562766702e-55 3328.99282018 1.23672432765e-56 2738.98862167 -8.59664599412e-75 2129.005218 1.67547944188e-37 917.985474769
13.2441471572 9742.01139072 -1.16294501246e-36 8918.99966442 1.14138067411e-96 7874.01150846 3.59747196953e-12 7857.00775439 -3.22243240934e-25 6259.99613751 -4.73087674965e-78 4194.00140989 6.8939963403e-55 3328.99282018 1.21183237553e-56 2738.98862167 -8.42361561845e-75 2129.005218 1.64174770122e-37 917.985474769
13.3110367893 9742.01139072 -1.13905372319e-36 8918.99966442 1.11793053901e-96 7874.01150846 3.5248509017e-12 7857.00775439 -3.15621948371e-25 6259.99613751 -4.63366482132e-78 4194.00140989 6.75236501357e-55 3328.99282018 1.18694042342e-56 2738.98862167 -8.25058524277e-75 2129.005218 1.60801596055e-37 917.985474769
13.3779264214 9742.01139072 -1.11516243392e-36 8918.99966442 1.09448040391e-96 7874.01150846 3.45222983386e-12 7857.00775439 -3.09000655809e-25 6259.99613751 -4.536452893e-78 4194.00140989 6.61073368685e-55 3328.99282018 1.16204847131e-56 2738.98862167 -8.0775548671e-75 2129.005218 1.57428421989e-37 917.985474769
13.4448160535 9742.01139072 -1.09127114464e-36 8918.99966442 1.07103026881e-96 7874.01150846 3.37960876602e-12 7857.00775439 -3.02379363246e-25 6259.99613751 -4.43924096468e-78 4194.00140989 6.46910236013e-55 3328.99282018 1.1371565192e-56 2738.98862167 -7.90452449142e-75 2129.005218 1.54055247923e-37 917.985474769
13.5117056856 9742.01139072 -1.06737985537e-36 8918.99966442 1.04758013371e-96 7874.01150846 3.30698769818e-12 7857.00775439 -2.95758070683e-25 6259.99613751 -4.34202903636e-78 4194.00140989 6.32747103341e-55 3328.99282018 1.11226456708e-56 2738.98862167 -7.73149411575e-75 2129.005218 1.50682073856e-37 917.985474769
13.5785953177 9742.01139072 -1.0434885661e-36 8918.99966442 1.02412999861e-96 7874.01150846 3.23436663034e-12 7857.00775439 -2.89136778121e-25 6259.99613751 -4.24481710803e-78 4194.00140989 6.18583970668e-55 3328.99282018 1.08737261497e-56 2738.98862167 -7.55846374007e-75 2129.005218 1.4730889979e-37 917.985474769
13.6454849498 9742.01139072 -1.01959727683e-36 8918.99966442 1.00067986352e-96 7874.01150846 3.1617455625e-12 7857.00775439 -2.82515485558e-25 6259.99613751 -4.14760517971e-78 4194.00140989 6.04420837996e-55 3328.99282018 1.06248066286e-56 2738.98862167 -7.3854333644e-75 2129.005218 1.43935725724e-37 917.985474769
13.7123745819 9742.01139072 -9.95705987558e-37 8918.99966442 9.77229728417e-97 7874.01150846 3.08912449466e-12 7857.00775439 -2.75894192995e-25 6259.99613751 -4.05039325139e-78 4194.00140989 5.90257705324e-55 3328.99282018 1.03758871074e-56 2738.98862167 -7.21240298872e-75 2129.005218 1.40562551657e-37 917.985474769
13.779264214 9742.01139072 -9.71814698287e-37 8918.99966442 9.53779593319e-97 7874.01150846 3.01650342682e-12 7857.00775439 -2.69272900433e-25 6259.99613751 -3.95318132307e-78 4194.00140989 5.76094572651e-55 3328.99282018 1.01269675863e-56 2738.98862167 -7.03937261304e-75 2129.005218 1.37189377591e-37 917.985474769
13.8461538462 9742.01139072 -9.47923409015e-37 8918.99966442 9.3032945822e-97 7874.01150846 2.94388235898e-12 7857.00775439 -2.6265160787e-25 6259.99613751 -3.85596939474e-78 4194.00140989 5.61931439979e-55 3328.99282018 9.87804806517e-57 2738.98862167 -6.86634223737e-75 2129.005218 1.33816203525e-37 917.985474769
13.9130434783 9742.01139072 -9.24032119744e-37 8918.99966442 9.06879323121e-97 7874.01150846 2.87126129115e-12 7857.00775439 -2.56030315307e-25 6259.99613751 -3.75875746642e-78 4194.00140989 5.47768307307e-55 3328.99282018 9.62912854404e-57 2738.98862167 -6.69331186169e-75 2129.005218 1.30443029458e-37 917.985474769
13.9799331104 9742.01139072 -9.00140830472e-37 8918.99966442 8.83429188023e-97 7874.01150846 2.79864022331e-12 7857.00775439 -2.49409022744e-25 6259.99613751 -3.6615455381e-78 4194.00140989 5.33605174634e-55 3328.99282018 9.38020902291e-57 2738.98862167 -6.52028148602e-75 2129.005218 1.27069855392e-37 917.985474769
14.0468227425 9742.01139072 -8.76249541201e-37 8918.99966442 8.59979052924e-97 7874.01150846 2.72601915547e-12 7857.00775439 -2.42787730182e-25 6259.99613751 -3.56433360978e-78 4194.00140989 5.19442041962e-55 3328.99282018 9.13128950178e-57 2738.98862167 -6.34725111034e-75 2129.005218 1.23696681326e-37 917.985474769
14.1137123746 9742.01139072 -8.52358251929e-37 8918.99966442 8.36528917825e-97 7874.01150846 2.65339808763e-12 7857.00775439 -2.36166437619e-25 6259.99613751 -3.46712168146e-78 4194.00140989 5.0527890929e-55 3328.99282018 8.88236998065e-57 2738.98862167 -6.17422073467e-75 2129.005218 1.20323507259e-37 917.985474769
14.1806020067 9742.01139072 -8.28466962658e-37 8918.99966442 8.13078782727e-97 7874.01150846 2.58077701979e-12 7857.00775439 -2.29545145056e-25 6259.99613751 -3.36990975313e-78 4194.00140989 4.91115776617e-55 3328.99282018 8.63345045952e-57 2738.98862167 -6.00119035899e-75 2129.005218 1.16950333193e-37 917.985474769
14.2474916388 9742.01139072 -8.04575673386e-37 8918.99966442 7.89628647628e-97 7874.01150846 2.50815595195e-12 7857.00775439 -2.22923852494e-25 6259.99613751 -3.27269782481e-78 4194.00140989 4.76952643945e-55 3328.99282018 8.38453093839e-57 2738.98862167 -5.82815998332e-75 2129.005218 1.13577159127e-37 917.985474769
14.3143812709 9742.01139072 -7.80684384115e-37 8918.99966442 7.6617851253e-97 7874.01150846 2.43553488411e-12 7857.00775439 -2.16302559931e-25 6259.99613751 -3.17548589649e-78 4194.00140989 4.62789511273e-55 3328.99282018 8.13561141726e-57 2738.98862167 -5.65512960764e-75 2129.005218 1.1020398506e-37 917.985474769
14.381270903 9742.01139072 -7.56793094843e-37 8918.99966442 7.42728377431e-97 7874.01150846 2.36291381627e-12 7857.00775439 -2.09681267368e-25 6259.99613751 -3.07827396817e-78 4194.00140989 4.48626378601e-55 3328.99282018 7.88669189613e-57 2738.98862167 -5.48209923197e-75 2129.005218 1.06830810994e-37 917.985474769
14.4481605351 9742.01139072 -7.32901805572e-37 8918.99966442 7.19278242332e-97 7874.01150846 2.29029274843e-12 7857.00775439 -2.03059974806e-25 6259.99613751 -2.98106203984e-78 4194.00140989 4.34463245928e-55 3328.99282018 7.637772375e-57 2738.98862167 -5.30906885629e-75 2129.005218 1.03457636928e-37 917.985474769
14.5150501672 9742.01139072 -7.090105163e-37 8918.99966442 6.95828107234e-97 7874.01150846 2.2176716806e-12 7857.00775439 -1.96438682243e-25 6259.99613751 -2.88385011152e-78 4194.00140989 4.20300113256e-55 3328.99282018 7.38885285387e-57 2738.98862167 -5.13603848062e-75 2129.005218 1.00084462861e-37 917.985474769
14.5819397993 9742.01139072 -6.85119227029e-37 8918.99966442 6.72377972135e-97 7874.01150846 2.14505061276e-12 7857.00775439 -1.8981738968e-25 6259.99613751 -2.7866381832e-78 4194.00140989 4.06136980584e-55 3328.99282018 7.13993333274e-57 2738.98862167 -4.96300810494e-75 2129.005218 9.67112887948e-38 917.985474769
14.6488294314 9742.01139072 -6.61227937757e-37 8918.99966442 6.48927837036e-97 7874.01150846 2.07242954492e-12 7857.00775439 -1.83196097118e-25 6259.99613751 -2.68942625488e-78 4194.00140989 3.91973847911e-55 3328.99282018 6.8910138116e-57 2738.98862167 -4.78997772926e-75 2129.005218 9.33381147285e-38 917.985474769
14.7157190635 9742.01139072 -6.37336648486e-37 8918.99966442 6.25477701938e-97 7874.01150846 1.99980847708e-12 7857.00775439 -1.76574804555e-25 6259.99613751 -2.59221432655e-78 4194.00140989 3.77810715239e-55 3328.99282018 6.64209429047e-57 2738.98862167 -4.61694735359e-75 2129.005218 8.99649406621e-38 917.985474769
14.7826086957 9742.01139072 -6.13445359214e-37 8918.99966442 6.02027566839e-97 7874.01150846 1.92718740924e-12 7857.00775439 -1.69953511992e-25 6259.99613751 -2.49500239823e-78 4194.00140989 3.63647582567e-55 3328.99282018 6.39317476934e-57 2738.98862167 -4.44391697791e-75 2129.005218 8.65917665958e-38 917.985474769
14.8494983278 9742.01139072 -5.89554069943e-37 8918.99966442 5.78577431741e-97 7874.01150846 1.8545663414e-12 7857.00775439 -1.6333221943e-25 6259.99613751 -2.39779046991e-78 4194.00140989 3.49484449894e-55 3328.99282018 6.14425524821e-57 2738.98862167 -4.27088660224e-75 2129.005218 8.32185925294e-38 917.985474769
14.9163879599 9742.01139072 -5.65662780671e-37 8918.99966442 5.55127296642e-97 7874.01150846 1.78194527356e-12 7857.00775439 -1.56710926867e-25 6259.99613751 -2.30057854159e-78 4194.00140989 3.35321317222e-55 3328.99282018 5.89533572708e-57 2738.98862167 -4.09785622656e-75 2129.005218 7.98454184631e-38 917.985474769
14.983277592 9742.01139072 -5.417714914e-37 8918.99966442 5.31677161543e-97 7874.01150846 1.70932420572e-12 7857.00775439 -1.50089634304e-25 6259.99613751 -2.20336661327e-78 4194.00140989 3.2115818455e-55 3328.99282018 5.64641620595e-57 2738.98862167 -3.92482585089e-75 2129.005218 7.64722443968e-38 917.985474769
15.0501672241 9742.01139072 -5.17880202128e-37 8918.99966442 5.08227026445e-97 7874.01150846 1.63670313788e-12 7857.00775439 -1.43468341742e-25 6259.99613751 -2.10615468494e-78 4194.00140989 3.06995051877e-55 3328.99282018 5.39749668482e-57 2738.98862167 -3.75179547521e-75 2129.005218 7.30990703304e-38 917.985474769
15.1170568562 9742.01139072 -4.93988912857e-37 8918.99966442 4.84776891346e-97 7874.01150846 1.56408207005e-12 7857.00775439 -1.36847049179e-25 6259.99613751 -2.00894275662e-78 4194.00140989 2.92831919205e-55 3328.99282018 5.14857716369e-57 2738.98862167 -3.57876509954e-75 2129.005218 6.97258962641e-38 917.985474769
15.1839464883 9742.01139072 -4.70097623585e-37 8918.99966442 4.61326756247e-97 7874.01150846 1.49146100221e-12 7857.00775439 -1.30225756616e-25 6259.99613751 -1.9117308283e-78 4194.00140989 2.78668786533e-55 3328.99282018 4.89965764256e-57 2738.98862167 -3.40573472386e-75 2129.005218 6.63527221977e-38 917.985474769
15.2508361204 9742.01139072 -4.46206334314e-37 8918.99966442 4.37876621149e-97 7874.01150846 1.41883993437e-12 7857.00775439 -1.23604464054e-25 6259.99613751 -1.81451889998e-78 4194.00140989 2.64505653861e-55 3328.99282018 4.65073812143e-57 2738.98862167 -3.23270434819e-75 2129.005218 6.29795481314e-38 917.985474769
15.3177257525 9742.01139072 -4.22315045042e-37 8918.99966442 4.1442648605e-97 7874.01150846 1.34621886653e-12 7857.00775439 -1.16983171491e-25 6259.99613751 -1.71730697165e-78 4194.00140989 2.50342521188e-55 3328.99282018 4.4018186003e-57 2738.98862167 -3.05967397251e-75 2129.005218 5.9606374065e-38 917.985474769
15.3846153846 9742.01139072 -3.98423755771e-37 8918.99966442 3.90976350952e-97 7874.01150846 1.27359779869e-12 7857.00775439 -1.10361878928e-25 6259.99613751 -1.62009504333e-78 4194.00140989 2.36179388516e-55 3328.99282018 4.15289907917e-57 2738.98862167 -2.88664359684e-75 2129.005218 5.62331999987e-38 917.985474769
15.4515050167 9742.01139072 -3.74532466499e-37 8918.99966442 3.67526215853e-97 7874.01150846 1.20097673085e-12 7857.00775439 -1.03740586366e-25 6259.99613751 -1.52288311501e-78 4194.00140989 2.22016255844e-55 3328.99282018 3.90397955804e-57 2738.98862167 -2.71361322116e-75 2129.005218 5.28600259323e-38 917.985474769
15.5183946488 9742.01139072 -3.50641177228e-37 8918.99966442 3.44076080754e-97 7874.01150846 1.12835566301e-12 7857.00775439 -9.7119293803e-26 6259.99613751 -1.42567118669e-78 4194.00140989 2.07853123171e-55 3328.99282018 3.65506003691e-57 2738.98862167 -2.54058284548e-75 2129.005218 4.9486851866e-38 917.985474769
15.5852842809 9742.01139072 -3.26749887956e-37 8918.99966442 3.20625945656e-97 7874.01150846 1.05573459517e-12 7857.00775439 -9.04980012403e-26 6259.99613751 -1.32845925836e-78 4194.00140989 1.93689990499e-55 3328.99282018 3.40614051578e-57 2738.98862167 -2.36755246981e-75 2129.005218 4.61136777996e-38 917.985474769
15.652173913 9742.01139072 -3.02858598685e-37 8918.99966442 2.97175810557e-97 7874.01150846 9.83113527334e-13 7857.00775439 -8.38767086776e-26 6259.99613751 -1.23124733004e-78 4194.00140989 1.79526857827e-55 3328.99282018 3.15722099464e-57 2738.98862167 -2.19452209413e-75 2129.005218 4.27405037333e-38 917.985474769
15.7190635452 9742.01139072 -2.78967309413e-37 8918.99966442 2.73725675458e-97 7874.01150846 9.10492459495e-13 7857.00775439 -7.7255416115e-26 6259.99613751 -1.13403540172e-78 4194.00140989 1.65363725154e-55 3328.99282018 2.90830147351e-57 2738.98862167 -2.02149171846e-75 2129.005218 3.9367329667e-38 917.985474769
15.7859531773 9742.01139072 -2.55076020142e-37 8918.99966442 2.5027554036e-97 7874.01150846 8.37871391657e-13 7857.00775439 -7.06341235523e-26 6259.99613751 -1.0368234734e-78 4194.00140989 1.51200592482e-55 3328.99282018 2.65938195238e-57 2738.98862167 -1.84846134278e-75 2129.005218 3.59941556006e-38 917.985474769
15.8528428094 9742.01139072 -2.3118473087e-37 8918.99966442 2.26825405261e-97 7874.01150846 7.65250323818e-13 7857.00775439 -6.40128309896e-26 6259.99613751 -9.39611545075e-79 4194.00140989 1.3703745981e-55 3328.99282018 2.41046243125e-57 2738.98862167 -1.67543096711e-75 2129.005218 3.26209815343e-38 917.985474769
15.9197324415 9742.01139072 -2.07293441599e-37 8918.99966442 2.03375270162e-97 7874.01150846 6.92629255979e-13 7857.00775439 -5.7391538427e-26 6259.99613751 -8.42399616752e-79 4194.00140989 1.22874327138e-55 3328.99282018 2.16154291012e-57 2738.98862167 -1.50240059143e-75 2129.005218 2.92478074679e-38 917.985474769
15.9866220736 9742.01139072 -1.83402152327e-37 8918.99966442 1.79925135064e-97 7874.01150846 6.2000818814e-13 7857.00775439 -5.07702458643e-26 6259.99613751 -7.4518768843e-79 4194.00140989 1.08711194465e-55 3328.99282018 1.91262338899e-57 2738.98862167 -1.32937021576e-75 2129.005218 2.58746334016e-38 917.985474769
16.0535117057 9742.01139072 -1.59510863056e-37 8918.99966442 1.56474999965e-97 7874.01150846 5.47387120301e-13 7857.00775439 -4.41489533016e-26 6259.99613751 -6.47975760108e-79 4194.00140989 9.45480617929e-56 3328.99282018 1.66370386786e-57 2738.98862167 -1.15633984008e-75 2129.005218 2.25014593352e-38 917.985474769
16.1204013378 9742.01139072 -1.35619573784e-37 8918.99966442 1.33024864867e-97 7874.01150846 4.74766052462e-13 7857.00775439 -3.75276607389e-26 6259.99613751 -5.50763831785e-79 4194.00140989 8.03849291206e-56 3328.99282018 1.41478434673e-57 2738.98862167 -9.83309464406e-76 2129.005218 1.91282852689e-38 917.985474769
16.1872909699 9742.01139072 -1.11728284513e-37 8918.99966442 1.09574729768e-97 7874.01150846 4.02144984623e-13 7857.00775439 -3.09063681763e-26 6259.99613751 -4.53551903463e-79 4194.00140989 6.62217964483e-56 3328.99282018 1.1658648256e-57 2738.98862167 -8.10279088731e-76 2129.005218 1.57551112025e-38 917.985474769
16.254180602 9742.01139072 -8.78369952413e-38 8918.99966442 8.61245946694e-98 7874.01150846 3.29523916784e-13 7857.00775439 -2.42850756136e-26 6259.99613751 -3.56339975141e-79 4194.00140989 5.2058663776e-56 3328.99282018 9.16945304469e-58 2738.98862167 -6.37248713056e-76 2129.005218 1.23819371362e-38 917.985474769
16.3210702341 9742.01139072 -6.39457059698e-38 8918.99966442 6.26744595707e-98 7874.01150846 2.56902848945e-13 7857.00775439 -1.76637830509e-26 6259.99613751 -2.59128046818e-79 4194.00140989 3.78955311037e-56 3328.99282018 6.68025783338e-58 2738.98862167 -4.6421833738e-76 2129.005218 9.00876306984e-39 917.985474769
16.3879598662 9742.01139072 -4.00544166983e-38 8918.99966442 3.92243244721e-98 7874.01150846 1.84281781107e-13 7857.00775439 -1.10424904882e-26 6259.99613751 -1.61916118496e-79 4194.00140989 2.37323984314e-56 3328.99282018 4.19106262208e-58 2738.98862167 -2.91187961705e-76 2129.005218 5.6355890035e-39 917.985474769
16.4548494983 9742.01139072 -1.61631274268e-38 8918.99966442 1.57741893735e-98 7874.01150846 1.11660713268e-13 7857.00775439 -4.42119792557e-27 6259.99613751 -6.47041901735e-80 4194.00140989 9.5692657591e-57 3328.99282018 1.70186741077e-58 2738.98862167 -1.18157586029e-76 2129.005218 2.26241493715e-39 917.985474769
16.5217391304 9742.01139072 -4.33699916323e-40 8918.99966442 3.35266185741e-100 7874.01150846 6.38078055817e-14 7857.00775439 -6.19427485725e-29 6259.99613751 -7.02985096438e-82 4194.00140989 2.44621529663e-58 3328.99282018 6.30317889637e-60 2738.98862167 -4.2379917798e-78 2129.005218 4.16143677553e-41 917.985474769
16.5886287625 9742.01139072 -4.32865343739e-40 8918.99966442 3.34621025264e-100 7874.01150846 6.36852222111e-14 7857.00775439 -6.18235495743e-29 6259.99613751 -7.01632307551e-82 4194.00140989 2.44150801491e-58 3328.99282018 6.29104980092e-60 2738.98862167 -4.2298366743e-78 2129.005218 4.15342879626e-41 917.985474769
16.6555183946 9742.01139072 -4.32030771155e-40 8918.99966442 3.33975864788e-100 7874.01150846 6.35626388405e-14 7857.00775439 -6.17043505761e-29 6259.99613751 -7.00279518664e-82 4194.00140989 2.4368007332e-58 3328.99282018 6.27892070547e-60 2738.98862167 -4.2216815688e-78 2129.005218 4.14542081699e-41 917.985474769
16.7224080268 9742.01139072 -4.31196198571e-40 8918.99966442 3.33330704312e-100 7874.01150846 6.34400554698e-14 7857.00775439 -6.15851515779e-29 6259.99613751 -6.98926729777e-82 4194.00140989 2.43209345148e-58 3328.99282018 6.26679161002e-60 2738.98862167 -4.2135264633e-78 2129.005218 4.13741283772e-41 917.985474769
16.7892976589 9742.01139072 -4.30361625987e-40 8918.99966442 3.32685543836e-100 7874.01150846 6.33174720992e-14 7857.00775439 -6.14659525797e-29 6259.99613751 -6.9757394089e-82 4194.00140989 2.42738616977e-58 3328.99282018 6.25466251457e-60 2738.98862167 -4.20537135779e-78 2129.005218 4.12940485845e-41 917.985474769
16.856187291 9742.01139072 -4.29527053403e-40 8918.99966442 3.32040383359e-100 7874.01150846 6.31948887285e-14 7857.00775439 -6.13467535816e-29 6259.99613751 -6.96221152003e-82 4194.00140989 2.42267888805e-58 3328.99282018 6.24253341912e-60 2738.98862167 -4.19721625229e-78 2129.005218 4.12139687918e-41 917.985474769
16.9230769231 9742.01139072 -4.28692480819e-40 8918.99966442 3.31395222883e-100 7874.01150846 6.30723053579e-14 7857.00775439 -6.12275545834e-29 6259.99613751 -6.94868363117e-82 4194.00140989 2.41797160634e-58 3328.99282018 6.23040432367e-60 2738.98862167 -4.18906114679e-78 2129.005218 4.11338889991e-41 917.985474769
16.9899665552 9742.01139072 -4.27857908235e-40 8918.99966442 3.30750062407e-100 7874.01150846 6.29497219872e-14 7857.00775439 -6.11083555852e-29 6259.99613751 -6.9351557423e-82 4194.00140989 2.41326432462e-58 3328.99282018 6.21827522823e-60 2738.98862167 -4.18090604129e-78 2129.005218 4.10538092064e-41 917.985474769
17.0568561873 9742.01139072 -4.27023335651e-40 8918.99966442 3.3010490193e-100 7874.01150846 6.28271386166e-14 7857.00775439 -6.0989156587e-29 6259.99613751 -6.92162785343e-82 4194.00140989 2.40855704291e-58 3328.99282018 6.20614613278e-60 2738.98862167 -4.17275093578e-78 2129.005218 4.09737294137e-41 917.985474769
17.1237458194 9742.01139072 -4.26188763067e-40 8918.99966442 3.29459741454e-100 7874.01150846 6.2704555246e-14 7857.00775439 -6.08699575888e-29 6259.99613751 -6.90809996456e-82 4194.00140989 2.40384976119e-58 3328.99282018 6.19401703733e-60 2738.98862167 -4.16459583028e-78 2129.005218 4.0893649621e-41 917.985474769
17.1906354515 9742.01139072 -4.25354190483e-40 8918.99966442 3.28814580978e-100 7874.01150846 6.25819718753e-14 7857.00775439 -6.07507585907e-29 6259.99613751 -6.89457207569e-82 4194.00140989 2.39914247948e-58 3328.99282018 6.18188794188e-60 2738.98862167 -4.15644072478e-78 2129.005218 4.08135698283e-41 917.985474769
17.2575250836 9742.01139072 -4.24519617899e-40 8918.99966442 3.28169420502e-100 7874.01150846 6.24593885047e-14 7857.00775439 -6.06315595925e-29 6259.99613751 -6.88104418682e-82 4194.00140989 2.39443519776e-58 3328.99282018 6.16975884643e-60 2738.98862167 -4.14828561927e-78 2129.005218 4.07334900355e-41 917.985474769
17.3244147157 9742.01139072 -4.23685045315e-40 8918.99966442 3.27524260025e-100 7874.01150846 6.2336805134e-14 7857.00775439 -6.05123605943e-29 6259.99613751 -6.86751629795e-82 4194.00140989 2.38972791605e-58 3328.99282018 6.15762975098e-60 2738.98862167 -4.14013051377e-78 2129.005218 4.06534102428e-41 917.985474769
17.3913043478 9742.01139072 -4.22850472731e-40 8918.99966442 3.26879099549e-100 7874.01150846 6.22142217634e-14 7857.00775439 -6.03931615961e-29 6259.99613751 -6.85398840908e-82 4194.00140989 2.38502063433e-58 3328.99282018 6.14550065553e-60 2738.98862167 -4.13197540827e-78 2129.005218 4.05733304501e-41 917.985474769
17.4581939799 9742.01139072 -4.22015900147e-40 8918.99966442 3.26233939073e-100 7874.01150846 6.20916383928e-14 7857.00775439 -6.02739625979e-29 6259.99613751 -6.84046052021e-82 4194.00140989 2.38031335262e-58 3328.99282018 6.13337156008e-60 2738.98862167 -4.12382030277e-78 2129.005218 4.04932506574e-41 917.985474769
17.525083612 9742.01139072 -4.21181327563e-40 8918.99966442 3.25588778597e-100 7874.01150846 6.19690550221e-14 7857.00775439 -6.01547635998e-29 6259.99613751 -6.82693263135e-82 4194.00140989 2.3756060709e-58 3328.99282018 6.12124246463e-60 2738.98862167 -4.11566519726e-78 2129.005218 4.04131708647e-41 917.985474769
17.5919732441 9742.01139072 -4.20346754979e-40 8918.99966442 3.2494361812e-100 7874.01150846 6.18464716515e-14 7857.00775439 -6.00355646016e-29 6259.99613751 -6.81340474248e-82 4194.00140989 2.37089878919e-58 3328.99282018 6.10911336918e-60 2738.98862167 -4.10751009176e-78 2129.005218 4.0333091072e-41 917.985474769
17.6588628763 9742.01139072 -4.19512182395e-40 8918.99966442 3.24298457644e-100 7874.01150846 6.17238882808e-14 7857.00775439 -5.99163656034e-29 6259.99613751 -6.79987685361e-82 4194.00140989 2.36619150747e-58 3328.99282018 6.09698427373e-60 2738.98862167 -4.09935498626e-78 2129.005218 4.02530112793e-41 917.985474769
17.7257525084 9742.01139072 -4.18677609811e-40 8918.99966442 3.23653297168e-100 7874.01150846 6.16013049102e-14 7857.00775439 -5.97971666052e-29 6259.99613751 -6.78634896474e-82 4194.00140989 2.36148422576e-58 3328.99282018 6.08485517829e-60 2738.98862167 -4.09119988076e-78 2129.005218 4.01729314866e-41 917.985474769
17.7926421405 9742.01139072 -4.17843037227e-40 8918.99966442 3.23008136692e-100 7874.01150846 6.14787215395e-14 7857.00775439 -5.9677967607e-29 6259.99613751 -6.77282107587e-82 4194.00140989 2.35677694404e-58 3328.99282018 6.07272608284e-60 2738.98862167 -4.08304477525e-78 2129.005218 4.00928516939e-41 917.985474769
17.8595317726 9742.01139072 -4.17008464643e-40 8918.99966442 3.22362976215e-100 7874.01150846 6.13561381689e-14 7857.00775439 -5.95587686089e-29 6259.99613751 -6.759293187e-82 4194.00140989 2.35206966233e-58 3328.99282018 6.06059698739e-60 2738.98862167 -4.07488966975e-78 2129.005218 4.00127719012e-41 917.985474769
17.9264214047 9742.01139072 -4.16173892059e-40 8918.99966442 3.21717815739e-100 7874.01150846 6.12335547983e-14 7857.00775439 -5.94395696107e-29 6259.99613751 -6.74576529813e-82 4194.00140989 2.34736238061e-58 3328.99282018 6.04846789194e-60 2738.98862167 -4.06673456425e-78 2129.005218 3.99326921085e-41 917.985474769
17.9933110368 9742.01139072 -4.15339319475e-40 8918.99966442 3.21072655263e-100 7874.01150846 6.11109714276e-14 7857.00775439 -5.93203706125e-29 6259.99613751 -6.73223740926e-82 4194.00140989 2.3426550989e-58 3328.99282018 6.03633879649e-60 2738.98862167 -4.05857945875e-78 2129.005218 3.98526123158e-41 917.985474769
18.0602006689 9742.01139072 -4.14504746891e-40 8918.99966442 3.20427494787e-100 7874.01150846 6.0988388057e-14 7857.00775439 -5.92011716143e-29 6259.99613751 -6.7187095204e-82 4194.00140989 2.33794781718e-58 3328.99282018 6.02420970104e-60 2738.98862167 -4.05042435324e-78 2129.005218 3.97725325231e-41 917.985474769
18.127090301 9742.01139072 -4.13670174307e-40 8918.99966442 3.1978233431e-100 7874.01150846 6.08658046863e-14 7857.00775439 -5.90819726161e-29 6259.99613751 -6.70518163153e-82 4194.00140989 2.33324053547e-58 3328.99282018 6.01208060559e-60 2738.98862167 -4.04226924774e-78 2129.005218 3.96924527304e-41 917.985474769
18.1939799331 9742.01139072 -4.12835601723e-40 8918.99966442 3.19137173834e-100 7874.01150846 6.07432213157e-14 7857.00775439 -5.8962773618e-29 6259.99613751 -6.69165374266e-82 4194.00140989 2.32853325375e-58 3328.99282018 5.99995151014e-60 2738.98862167 -4.03411414224e-78 2129.005218 3.96123729377e-41 917.985474769
18.2608695652 9742.01139072 -4.12001029139e-40 8918.99966442 3.18492013358e-100 7874.01150846 6.0620637945e-14 7857.00775439 -5.88435746198e-29 6259.99613751 -6.67812585379e-82 4194.00140989 2.32382597204e-58 3328.99282018 5.98782241469e-60 2738.98862167 -4.02595903673e-78 2129.005218 3.95322931449e-41 917.985474769
18.3277591973 9742.01139072 -4.11166456555e-40 8918.99966442 3.17846852881e-100 7874.01150846 6.04980545744e-14 7857.00775439 -5.87243756216e-29 6259.99613751 -6.66459796492e-82 4194.00140989 2.31911869032e-58 3328.99282018 5.97569331924e-60 2738.98862167 -4.01780393123e-78 2129.005218 3.94522133522e-41 917.985474769
18.3946488294 9742.01139072 -4.10331883971e-40 8918.99966442 3.17201692405e-100 7874.01150846 6.03754712038e-14 7857.00775439 -5.86051766234e-29 6259.99613751 -6.65107007605e-82 4194.00140989 2.31441140861e-58 3328.99282018 5.96356422379e-60 2738.98862167 -4.00964882573e-78 2129.005218 3.93721335595e-41 917.985474769
18.4615384615 9742.01139072 -4.09497311387e-40 8918.99966442 3.16556531929e-100 7874.01150846 6.02528878331e-14 7857.00775439 -5.84859776252e-29 6259.99613751 -6.63754218718e-82 4194.00140989 2.30970412689e-58 3328.99282018 5.95143512835e-60 2738.98862167 -4.00149372023e-78 2129.005218 3.92920537668e-41 917.985474769
18.5284280936 9742.01139072 -4.08662738803e-40 8918.99966442 3.15911371453e-100 7874.01150846 6.01303044625e-14 7857.00775439 -5.83667786271e-29 6259.99613751 -6.62401429831e-82 4194.00140989 2.30499684518e-58 3328.99282018 5.9393060329e-60 2738.98862167 -3.99333861472e-78 2129.005218 3.92119739741e-41 917.985474769
18.5953177258 9742.01139072 -4.07828166219e-40 8918.99966442 3.15266210976e-100 7874.01150846 6.00077210918e-14 7857.00775439 -5.82475796289e-29 6259.99613751 -6.61048640944e-82 4194.00140989 2.30028956346e-58 3328.99282018 5.92717693745e-60 2738.98862167 -3.98518350922e-78 2129.005218 3.91318941814e-41 917.985474769
18.6622073579 9742.01139072 -4.06993593635e-40 8918.99966442 3.146210505e-100 7874.01150846 5.98851377212e-14 7857.00775439 -5.81283806307e-29 6259.99613751 -6.59695852058e-82 4194.00140989 2.29558228175e-58 3328.99282018 5.915047842e-60 2738.98862167 -3.97702840372e-78 2129.005218 3.90518143887e-41 917.985474769
18.72909699 9742.01139072 -4.06159021051e-40 8918.99966442 3.13975890024e-100 7874.01150846 5.97625543505e-14 7857.00775439 -5.80091816325e-29 6259.99613751 -6.58343063171e-82 4194.00140989 2.29087500003e-58 3328.99282018 5.90291874655e-60 2738.98862167 -3.96887329822e-78 2129.005218 3.8971734596e-41 917.985474769
18.7959866221 9742.01139072 -4.05324448467e-40 8918.99966442 3.13330729548e-100 7874.01150846 5.96399709799e-14 7857.00775439 -5.78899826343e-29 6259.99613751 -6.56990274284e-82 4194.00140989 2.28616771832e-58 3328.99282018 5.8907896511e-60 2738.98862167 -3.96071819271e-78 2129.005218 3.88916548033e-41 917.985474769
18.8628762542 9742.01139072 -4.04489875883e-40 8918.99966442 3.12685569071e-100 7874.01150846 5.95173876093e-14 7857.00775439 -5.77707836362e-29 6259.99613751 -6.55637485397e-82 4194.00140989 2.2814604366e-58 3328.99282018 5.87866055565e-60 2738.98862167 -3.95256308721e-78 2129.005218 3.88115750106e-41 917.985474769
18.9297658863 9742.01139072 -4.03655303299e-40 8918.99966442 3.12040408595e-100 7874.01150846 5.93948042386e-14 7857.00775439 -5.7651584638e-29 6259.99613751 -6.5428469651e-82 4194.00140989 2.27675315489e-58 3328.99282018 5.8665314602e-60 2738.98862167 -3.94440798171e-78 2129.005218 3.87314952179e-41 917.985474769
18.9966555184 9742.01139072 -4.02820730715e-40 8918.99966442 3.11395248119e-100 7874.01150846 5.9272220868e-14 7857.00775439 -5.75323856398e-29 6259.99613751 -6.52931907623e-82 4194.00140989 2.27204587318e-58 3328.99282018 5.85440236475e-60 2738.98862167 -3.93625287621e-78 2129.005218 3.86514154252e-41 917.985474769
19.0635451505 9742.01139072 -4.01986158131e-40 8918.99966442 3.10750087643e-100 7874.01150846 5.91496374973e-14 7857.00775439 -5.74131866416e-29 6259.99613751 -6.51579118736e-82 4194.00140989 2.26733859146e-58 3328.99282018 5.8422732693e-60 2738.98862167 -3.9280977707e-78 2129.005218 3.85713356325e-41 917.985474769
19.1304347826 9742.01139072 -4.01151585547e-40 8918.99966442 3.10104927166e-100 7874.01150846 5.90270541267e-14 7857.00775439 -5.72939876434e-29 6259.99613751 -6.50226329849e-82 4194.00140989 2.26263130975e-58 3328.99282018 5.83014417386e-60 2738.98862167 -3.9199426652e-78 2129.005218 3.84912558398e-41 917.985474769
19.1973244147 9742.01139072 -4.00317012963e-40 8918.99966442 3.0945976669e-100 7874.01150846 5.8904470756e-14 7857.00775439 -5.71747886453e-29 6259.99613751 -6.48873540962e-82 4194.00140989 2.25792402803e-58 3328.99282018 5.81801507841e-60 2738.98862167 -3.9117875597e-78 2129.005218 3.84111760471e-41 917.985474769
19.2642140468 9742.01139072 -3.99482440379e-40 8918.99966442 3.08814606214e-100 7874.01150846 5.87818873854e-14 7857.00775439 -5.70555896471e-29 6259.99613751 -6.47520752076e-82 4194.00140989 2.25321674632e-58 3328.99282018 5.80588598296e-60 2738.98862167 -3.90363245419e-78 2129.005218 3.83310962543e-41 917.985474769
19.3311036789 9742.01139072 -3.98647867795e-40 8918.99966442 3.08169445738e-100 7874.01150846 5.86593040148e-14 7857.00775439 -5.69363906489e-29 6259.99613751 -6.46167963189e-82 4194.00140989 2.2485094646e-58 3328.99282018 5.79375688751e-60 2738.98862167 -3.89547734869e-78 2129.005218 3.82510164616e-41 917.985474769
19.397993311 9742.01139072 -3.97813295211e-40 8918.99966442 3.07524285261e-100 7874.01150846 5.85367206441e-14 7857.00775439 -5.68171916507e-29 6259.99613751 -6.44815174302e-82 4194.00140989 2.24380218289e-58 3328.99282018 5.78162779206e-60 2738.98862167 -3.88732224319e-78 2129.005218 3.81709366689e-41 917.985474769
19.4648829431 9742.01139072 -3.96978722627e-40 8918.99966442 3.06879124785e-100 7874.01150846 5.84141372735e-14 7857.00775439 -5.66979926525e-29 6259.99613751 -6.43462385415e-82 4194.00140989 2.23909490117e-58 3328.99282018 5.76949869661e-60 2738.98862167 -3.87916713769e-78 2129.005218 3.80908568762e-41 917.985474769
19.5317725753 9742.01139072 -3.96144150043e-40 8918.99966442 3.06233964309e-100 7874.01150846 5.82915539028e-14 7857.00775439 -5.65787936544e-29 6259.99613751 -6.42109596528e-82 4194.00140989 2.23438761946e-58 3328.99282018 5.75736960116e-60 2738.98862167 -3.87101203218e-78 2129.005218 3.80107770835e-41 917.985474769
19.5986622074 9742.01139072 -3.95309577459e-40 8918.99966442 3.05588803833e-100 7874.01150846 5.81689705322e-14 7857.00775439 -5.64595946562e-29 6259.99613751 -6.40756807641e-82 4194.00140989 2.22968033774e-58 3328.99282018 5.74524050571e-60 2738.98862167 -3.86285692668e-78 2129.005218 3.79306972908e-41 917.985474769
19.6655518395 9742.01139072 -3.94475004875e-40 8918.99966442 3.04943643356e-100 7874.01150846 5.80463871615e-14 7857.00775439 -5.6340395658e-29 6259.99613751 -6.39404018754e-82 4194.00140989 2.22497305603e-58 3328.99282018 5.73311141026e-60 2738.98862167 -3.85470182118e-78 2129.005218 3.78506174981e-41 917.985474769
19.7324414716 9742.01139072 -3.9364043229e-40 8918.99966442 3.0429848288e-100 7874.01150846 5.79238037909e-14 7857.00775439 -5.62211966598e-29 6259.99613751 -6.38051229867e-82 4194.00140989 2.22026577431e-58 3328.99282018 5.72098231481e-60 2738.98862167 -3.84654671568e-78 2129.005218 3.77705377054e-41 917.985474769
19.7993311037 9742.01139072 -3.92805859706e-40 8918.99966442 3.03653322404e-100 7874.01150846 5.78012204203e-14 7857.00775439 -5.61019976616e-29 6259.99613751 -6.3669844098e-82 4194.00140989 2.2155584926e-58 3328.99282018 5.70885321936e-60 2738.98862167 -3.83839161017e-78 2129.005218 3.76904579127e-41 917.985474769
19.8662207358 9742.01139072 -3.91971287122e-40 8918.99966442 3.03008161927e-100 7874.01150846 5.76786370496e-14 7857.00775439 -5.59827986635e-29 6259.99613751 -6.35345652094e-82 4194.00140989 2.21085121088e-58 3328.99282018 5.69672412392e-60 2738.98862167 -3.83023650467e-78 2129.005218 3.761037812e-41 917.985474769
19.9331103679 9742.01139072 -3.91136714538e-40 8918.99966442 3.02363001451e-100 7874.01150846 5.7556053679e-14 7857.00775439 -5.58635996653e-29 6259.99613751 -6.33992863207e-82 4194.00140989 2.20614392917e-58 3328.99282018 5.68459502847e-60 2738.98862167 -3.82208139917e-78 2129.005218 3.75302983273e-41 917.985474769
20.0 9742.01139072 -3.90302141954e-40 8918.99966442 3.01717840975e-100 7874.01150846 5.74334703083e-14 7857.00775439 -5.57444006671e-29 6259.99613751 -6.3264007432e-82 4194.00140989 2.20143664745e-58 3328.99282018 5.67246593302e-60 2738.98862167 -3.81392629366e-78 2129.005218 3.74502185346e-41 917.985474769
