0.0 1808.0 0.001 7248.0 0.001 7568.0 0.001 564.0 0.001 4419.0 0.001 4627.0 0.001 8757.0 0.001 5847.0 0.001 2126.0 0.001 1380.0
0.066889632107 8756.99970938 3.40281236594e-05 7568.0003488 0.0696162265188 7248.00126291 5.02159974581e-54 5847.00170483 2.94714489607e-19 4613.44906679 51.334693156 4432.55922231 -2.39171431685e-26 1807.99226555 4.75517367577e-40 2126.00017461 6.9614130609e-10 563.996244829 4.78503015524e-13 1380.0
0.133779264214 8756.99970938 9.95381436836e-34 7568.00036394 3.52210339992e-11 7248.00124777 -3.07308516981e-81 5847.00170483 6.05868424591e-48 4627.00193361 4.9824670916e-05 4419.00635549 6.25801140034e-22 1807.99226555 8.22699814388e-31 2126.00017461 6.82882339379e-32 1380.00124948 2.74202529821e-06 563.994995351
0.200668896321 8756.99970938 -3.59490154364e-38 7568.00036394 -8.89034296168e-20 7248.00124777 -2.04382876471e-82 5847.00170483 -9.43147646932e-52 4627.00193361 1.59713577789e-10 4419.00635549 1.09545538955e-13 1807.99226555 -1.60078094944e-22 2126.00017461 5.91967848792e-40 1380.00124948 4.53324801603e-14 563.994995351
0.267558528428 8756.99970938 1.77409180246e-39 7568.00036394 1.17066367551e-18 7248.00124777 2.29620382354e-83 5847.00170483 5.37040365216e-53 4627.00193361 -1.75199707483e-11 4419.00635549 8.90710552672e-16 1807.99226555 4.80525160984e-23 2126.00017461 4.90073258904e-40 1380.00124948 7.7623867155e-15 563.994995351
0.334448160535 8756.99970938 4.87635767116e-41 7568.00036394 1.09597504849e-19 7248.00124777 5.38374486664e-85 5847.00170483 1.43985480662e-54 4627.00193361 -2.37807085537e-12 4419.00635549 1.13564505567e-17 1807.99226555 -5.87686833178e-24 2126.00017461 2.10503925239e-41 1380.00124948 3.0619305558e-16 563.994995351
0.401337792642 8756.99970938 2.93759842168e-41 7568.00036394 6.66069698314e-20 7248.00124777 3.24163643046e-85 5847.00170483 8.67319595446e-55 4627.00193361 -1.45436820516e-12 4419.00635549 6.8289870732e-18 1807.99226555 -3.48362664209e-24 2126.00017461 1.27058758778e-41 1380.00124948 1.84733305125e-16 563.994995351
0.468227424749 8756.99970938 9.98839172195e-42 7568.00036394 2.36164348134e-20 7248.00124777 1.09952799429e-85 5847.00170483 2.94784384269e-55 4627.00193361 -5.30665554941e-13 4419.00635549 2.30152358966e-18 1807.99226555 -1.0903849524e-24 2126.00017461 4.3613592317e-42 1380.00124948 6.32735546695e-17 563.994995351
0.535117056856 8756.99970938 2.05452763132e-43 7568.00036394 1.69612439117e-21 7248.00124777 1.92630227895e-87 5847.00170483 5.91294706783e-57 4627.00193361 -5.61483592168e-14 4419.00635549 2.18395303088e-20 1807.99226555 9.4484582474e-26 2126.00017461 1.41001376743e-43 1380.00124948 1.87611608105e-18 563.994995351
0.602006688963 8756.99970938 1.2841077012e-43 7568.00036394 1.06814150653e-21 7248.00124777 1.20344938165e-87 5847.00170483 3.69540662747e-57 4627.00193361 -3.55515181945e-14 4419.00635549 1.36289198668e-20 1807.99226555 5.8244413917e-26 2126.00017461 8.82754043456e-44 1380.00124948 1.17411104713e-18 563.994995351
0.66889632107 8756.99970938 5.13687771084e-44 7568.00036394 4.40158621899e-22 7248.00124777 4.8059648436e-88 5847.00170483 1.47786618712e-57 4627.00193361 -1.49546771723e-14 4419.00635549 5.41830942476e-21 1807.99226555 2.20042453601e-26 2126.00017461 3.55494319488e-44 1380.00124948 4.72106013214e-19 563.994995351
0.735785953177 8756.99970938 9.58070159238e-46 7568.00036394 2.90172104164e-23 7248.00124777 7.62892001821e-90 5847.00170483 2.6875909533e-59 4627.00193361 -1.46422757415e-15 4419.00635549 4.64964885018e-23 1807.99226555 -1.68497937025e-27 2126.00017461 1.04505454057e-45 1380.00124948 1.27204737053e-20 563.994995351
0.802675585284 8756.99970938 9.27345496069e-46 7568.00036394 2.80876659354e-23 7248.00124777 7.38425077499e-90 5847.00170483 2.60140084284e-59 4627.00193361 -1.41735983016e-15 4419.00635549 4.50050499784e-23 1807.99226555 -1.63083976674e-27 2126.00017461 1.01154837008e-45 1380.00124948 1.23126118773e-20 563.994995351
0.869565217391 8756.99970938 8.966208329e-46 7568.00036394 2.71581214544e-23 7248.00124777 7.13958153177e-90 5847.00170483 2.51521073238e-59 4627.00193361 -1.37049208617e-15 4419.00635549 4.35136114551e-23 1807.99226555 -1.57670016323e-27 2126.00017461 9.78042199591e-46 1380.00124948 1.19047500493e-20 563.994995351
0.936454849498 8756.99970938 8.65896169731e-46 7568.00036394 2.62285769734e-23 7248.00124777 6.89491228855e-90 5847.00170483 2.42902062191e-59 4627.00193361 -1.32362434217e-15 4419.00635549 4.20221729317e-23 1807.99226555 -1.52256055972e-27 2126.00017461 9.44536029101e-46 1380.00124948 1.14968882213e-20 563.994995351
1.00334448161 8756.99970938 8.35171506562e-46 7568.00036394 2.52990324924e-23 7248.00124777 6.65024304533e-90 5847.00170483 2.34283051145e-59 4627.00193361 -1.27675659818e-15 4419.00635549 4.05307344084e-23 1807.99226555 -1.46842095621e-27 2126.00017461 9.11029858612e-46 1380.00124948 1.10890263933e-20 563.994995351
1.07023411371 8756.99970938 8.04446843393e-46 7568.00036394 2.43694880113e-23 7248.00124777 6.40557380211e-90 5847.00170483 2.25664040098e-59 4627.00193361 -1.22988885419e-15 4419.00635549 3.9039295885e-23 1807.99226555 -1.4142813527e-27 2126.00017461 8.77523688122e-46 1380.00124948 1.06811645653e-20 563.994995351
1.13712374582 8756.99970938 7.73722180224e-46 7568.00036394 2.34399435303e-23 7248.00124777 6.16090455889e-90 5847.00170483 2.17045029052e-59 4627.00193361 -1.18302111019e-15 4419.00635549 3.75478573617e-23 1807.99226555 -1.36014174919e-27 2126.00017461 8.44017517632e-46 1380.00124948 1.02733027373e-20 563.994995351
1.20401337793 8756.99970938 7.42997517055e-46 7568.00036394 2.25103990493e-23 7248.00124777 5.91623531567e-90 5847.00170483 2.08426018005e-59 4627.00193361 -1.1361533662e-15 4419.00635549 3.60564188383e-23 1807.99226555 -1.30600214569e-27 2126.00017461 8.10511347143e-46 1380.00124948 9.86544090925e-21 563.994995351
1.27090301003 8756.99970938 7.12272853886e-46 7568.00036394 2.15808545683e-23 7248.00124777 5.67156607245e-90 5847.00170483 1.99807006959e-59 4627.00193361 -1.0892856222e-15 4419.00635549 3.4564980315e-23 1807.99226555 -1.25186254218e-27 2126.00017461 7.77005176653e-46 1380.00124948 9.45757908125e-21 563.994995351
1.33779264214 8756.99970938 6.81548190717e-46 7568.00036394 2.06513100873e-23 7248.00124777 5.42689682924e-90 5847.00170483 1.91187995912e-59 4627.00193361 -1.04241787821e-15 4419.00635549 3.30735417917e-23 1807.99226555 -1.19772293867e-27 2126.00017461 7.43499006163e-46 1380.00124948 9.04971725324e-21 563.994995351
1.40468227425 8756.99970938 6.50823527547e-46 7568.00036394 1.97217656063e-23 7248.00124777 5.18222758602e-90 5847.00170483 1.82568984866e-59 4627.00193361 -9.95550134217e-16 4419.00635549 3.15821032683e-23 1807.99226555 -1.14358333516e-27 2126.00017461 7.09992835674e-46 1380.00124948 8.64185542523e-21 563.994995351
1.47157190635 8756.99970938 6.20098864378e-46 7568.00036394 1.87922211253e-23 7248.00124777 4.9375583428e-90 5847.00170483 1.73949973819e-59 4627.00193361 -9.48682390223e-16 4419.00635549 3.0090664745e-23 1807.99226555 -1.08944373165e-27 2126.00017461 6.76486665184e-46 1380.00124948 8.23399359723e-21 563.994995351
1.53846153846 8756.99970938 5.89374201209e-46 7568.00036394 1.78626766443e-23 7248.00124777 4.69288909958e-90 5847.00170483 1.65330962773e-59 4627.00193361 -9.0181464623e-16 4419.00635549 2.85992262216e-23 1807.99226555 -1.03530412814e-27 2126.00017461 6.42980494694e-46 1380.00124948 7.82613176922e-21 563.994995351
1.60535117057 8756.99970938 5.5864953804e-46 7568.00036394 1.69331321633e-23 7248.00124777 4.44821985636e-90 5847.00170483 1.56711951726e-59 4627.00193361 -8.54946902236e-16 4419.00635549 2.71077876983e-23 1807.99226555 -9.81164524627e-28 2126.00017461 6.09474324205e-46 1380.00124948 7.41826994121e-21 563.994995351
1.67224080268 8756.99970938 5.27924874871e-46 7568.00036394 1.60035876822e-23 7248.00124777 4.20355061314e-90 5847.00170483 1.4809294068e-59 4627.00193361 -8.08079158243e-16 4419.00635549 2.56163491749e-23 1807.99226555 -9.27024921117e-28 2126.00017461 5.75968153715e-46 1380.00124948 7.01040811321e-21 563.994995351
1.73913043478 8756.99970938 4.97200211702e-46 7568.00036394 1.50740432012e-23 7248.00124777 3.95888136992e-90 5847.00170483 1.39473929633e-59 4627.00193361 -7.61211414249e-16 4419.00635549 2.41249106516e-23 1807.99226555 -8.72885317607e-28 2126.00017461 5.42461983225e-46 1380.00124948 6.6025462852e-21 563.994995351
1.80602006689 8756.99970938 4.66475548533e-46 7568.00036394 1.41444987202e-23 7248.00124777 3.7142121267e-90 5847.00170483 1.30854918587e-59 4627.00193361 -7.14343670255e-16 4419.00635549 2.26334721282e-23 1807.99226555 -8.18745714097e-28 2126.00017461 5.08955812736e-46 1380.00124948 6.19468445719e-21 563.994995351
1.872909699 8756.99970938 4.35750885364e-46 7568.00036394 1.32149542392e-23 7248.00124777 3.46954288348e-90 5847.00170483 1.2223590754e-59 4627.00193361 -6.67475926262e-16 4419.00635549 2.11420336049e-23 1807.99226555 -7.64606110588e-28 2126.00017461 4.75449642246e-46 1380.00124948 5.78682262918e-21 563.994995351
1.9397993311 8756.99970938 4.05026222195e-46 7568.00036394 1.22854097582e-23 7248.00124777 3.22487364026e-90 5847.00170483 1.13616896494e-59 4627.00193361 -6.20608182268e-16 4419.00635549 1.96505950816e-23 1807.99226555 -7.10466507078e-28 2126.00017461 4.41943471756e-46 1380.00124948 5.37896080118e-21 563.994995351
2.00668896321 8756.99970938 3.74301559026e-46 7568.00036394 1.13558652772e-23 7248.00124777 2.98020439704e-90 5847.00170483 1.04997885447e-59 4627.00193361 -5.73740438274e-16 4419.00635549 1.81591565582e-23 1807.99226555 -6.56326903568e-28 2126.00017461 4.08437301267e-46 1380.00124948 4.97109897317e-21 563.994995351
2.07357859532 8756.99970938 3.43576895856e-46 7568.00036394 1.04263207962e-23 7248.00124777 2.73553515382e-90 5847.00170483 9.63788744008e-60 4627.00193361 -5.26872694281e-16 4419.00635549 1.66677180349e-23 1807.99226555 -6.02187300058e-28 2126.00017461 3.74931130777e-46 1380.00124948 4.56323714516e-21 563.994995351
2.14046822742 8756.99970938 3.12852232687e-46 7568.00036394 9.49677631517e-24 7248.00124777 2.4908659106e-90 5847.00170483 8.77598633543e-60 4627.00193361 -4.80004950287e-16 4419.00635549 1.51762795115e-23 1807.99226555 -5.48047696549e-28 2126.00017461 3.41424960287e-46 1380.00124948 4.15537531716e-21 563.994995351
2.20735785953 8756.99970938 2.82127569518e-46 7568.00036394 8.56723183416e-24 7248.00124777 2.24619666738e-90 5847.00170483 7.91408523078e-60 4627.00193361 -4.33137206294e-16 4419.00635549 1.36848409882e-23 1807.99226555 -4.93908093039e-28 2126.00017461 3.07918789798e-46 1380.00124948 3.74751348915e-21 563.994995351
2.27424749164 8756.99970938 2.51402906349e-46 7568.00036394 7.63768735315e-24 7248.00124777 2.00152742416e-90 5847.00170483 7.05218412613e-60 4627.00193361 -3.862694623e-16 4419.00635549 1.21934024648e-23 1807.99226555 -4.39768489529e-28 2126.00017461 2.74412619308e-46 1380.00124948 3.33965166114e-21 563.994995351
2.34113712375 8756.99970938 2.2067824318e-46 7568.00036394 6.70814287214e-24 7248.00124777 1.75685818095e-90 5847.00170483 6.19028302148e-60 4627.00193361 -3.39401718306e-16 4419.00635549 1.07019639415e-23 1807.99226555 -3.8562888602e-28 2126.00017461 2.40906448818e-46 1380.00124948 2.93178983314e-21 563.994995351
2.40802675585 8756.99970938 1.89953580011e-46 7568.00036394 5.77859839113e-24 7248.00124777 1.51218893773e-90 5847.00170483 5.32838191683e-60 4627.00193361 -2.92533974313e-16 4419.00635549 9.21052541815e-24 1807.99226555 -3.3148928251e-28 2126.00017461 2.07400278329e-46 1380.00124948 2.52392800513e-21 563.994995351
2.47491638796 8756.99970938 1.59228916842e-46 7568.00036394 4.84905391012e-24 7248.00124777 1.26751969451e-90 5847.00170483 4.46648081219e-60 4627.00193361 -2.45666230319e-16 4419.00635549 7.71908689481e-24 1807.99226555 -2.77349679e-28 2126.00017461 1.73894107839e-46 1380.00124948 2.11606617712e-21 563.994995351
2.54180602007 8756.99970938 1.28504253673e-46 7568.00036394 3.91950942911e-24 7248.00124777 1.02285045129e-90 5847.00170483 3.60457970754e-60 4627.00193361 -1.98798486325e-16 4419.00635549 6.22764837146e-24 1807.99226555 -2.2321007549e-28 2126.00017461 1.40387937349e-46 1380.00124948 1.70820434912e-21 563.994995351
2.60869565217 8756.99970938 9.77795905036e-47 7568.00036394 2.9899649481e-24 7248.00124777 7.78181208068e-91 5847.00170483 2.74267860289e-60 4627.00193361 -1.51930742332e-16 4419.00635549 4.73620984812e-24 1807.99226555 -1.69070471981e-28 2126.00017461 1.0688176686e-46 1380.00124948 1.30034252111e-21 563.994995351
2.67558528428 8756.99970938 6.70549273345e-47 7568.00036394 2.06042046708e-24 7248.00124777 5.33511964848e-91 5847.00170483 1.88077749824e-60 4627.00193361 -1.05062998338e-16 4419.00635549 3.24477132477e-24 1807.99226555 -1.14930868471e-28 2126.00017461 7.33755963699e-47 1380.00124948 8.92480693101e-22 563.994995351
2.74247491639 8756.99970938 3.63302641654e-47 7568.00036394 1.13087598607e-24 7248.00124777 2.88842721629e-91 5847.00170483 1.01887639359e-60 4627.00193361 -5.81952543446e-17 4419.00635549 1.75333280143e-24 1807.99226555 -6.0791264961e-29 2126.00017461 3.98694258802e-47 1380.00124948 4.84618865094e-22 563.994995351
2.80936454849 8756.99970938 5.60560099634e-48 7568.00036394 2.01331505063e-25 7248.00124777 4.41734784097e-92 5847.00170483 1.56975288943e-61 4627.00193361 -1.13275103509e-17 4419.00635549 2.61894278085e-25 1807.99226555 -6.65166145127e-30 2126.00017461 6.36325539053e-48 1380.00124948 7.67570370873e-23 563.994995351
2.8762541806 8756.99970938 3.7614791818e-49 7568.00036394 4.22850890968e-26 7248.00124777 2.54210698548e-93 5847.00170483 1.02837312033e-62 4627.00193361 -3.27750196736e-18 4419.00635549 8.31469910451e-27 1807.99226555 2.47803855553e-30 2126.00017461 6.53796392572e-49 1380.00124948 7.27573703505e-24 563.994995351
2.94314381271 8756.99970938 3.63894796331e-49 7568.00036394 4.09091711165e-26 7248.00124777 2.45929201872e-93 5847.00170483 9.94873234552e-63 4627.00193361 -3.17094209065e-18 4419.00635549 8.04378506222e-27 1807.99226555 2.39715878082e-30 2126.00017461 6.32503974249e-49 1380.00124948 7.03877226633e-24 563.994995351
3.01003344482 8756.99970938 3.51641674482e-49 7568.00036394 3.95332531362e-26 7248.00124777 2.37647705196e-93 5847.00170483 9.61373348769e-63 4627.00193361 -3.06438221394e-18 4419.00635549 7.77287101992e-27 1807.99226555 2.3162790061e-30 2126.00017461 6.11211555925e-49 1380.00124948 6.80180749762e-24 563.994995351
3.07692307692 8756.99970938 3.39388552633e-49 7568.00036394 3.81573351559e-26 7248.00124777 2.2936620852e-93 5847.00170483 9.27873462987e-63 4627.00193361 -2.95782233723e-18 4419.00635549 7.50195697762e-27 1807.99226555 2.23539923139e-30 2126.00017461 5.89919137602e-49 1380.00124948 6.5648427289e-24 563.994995351
3.14381270903 8756.99970938 3.27135430784e-49 7568.00036394 3.67814171756e-26 7248.00124777 2.21084711845e-93 5847.00170483 8.94373577204e-63 4627.00193361 -2.85126246052e-18 4419.00635549 7.23104293532e-27 1807.99226555 2.15451945668e-30 2126.00017461 5.68626719279e-49 1380.00124948 6.32787796018e-24 563.994995351
3.21070234114 8756.99970938 3.14882308935e-49 7568.00036394 3.54054991953e-26 7248.00124777 2.12803215169e-93 5847.00170483 8.60873691421e-63 4627.00193361 -2.74470258381e-18 4419.00635549 6.96012889302e-27 1807.99226555 2.07363968196e-30 2126.00017461 5.47334300955e-49 1380.00124948 6.09091319147e-24 563.994995351
3.27759197324 8756.99970938 3.02629187086e-49 7568.00036394 3.40295812149e-26 7248.00124777 2.04521718493e-93 5847.00170483 8.27373805639e-63 4627.00193361 -2.63814270709e-18 4419.00635549 6.68921485072e-27 1807.99226555 1.99275990725e-30 2126.00017461 5.26041882632e-49 1380.00124948 5.85394842275e-24 563.994995351
3.34448160535 8756.99970938 2.90376065237e-49 7568.00036394 3.26536632346e-26 7248.00124777 1.96240221817e-93 5847.00170483 7.93873919856e-63 4627.00193361 -2.53158283038e-18 4419.00635549 6.41830080842e-27 1807.99226555 1.91188013253e-30 2126.00017461 5.04749464308e-49 1380.00124948 5.61698365404e-24 563.994995351
3.41137123746 8756.99970938 2.78122943388e-49 7568.00036394 3.12777452543e-26 7248.00124777 1.87958725141e-93 5847.00170483 7.60374034073e-63 4627.00193361 -2.42502295367e-18 4419.00635549 6.14738676612e-27 1807.99226555 1.83100035782e-30 2126.00017461 4.83457045985e-49 1380.00124948 5.38001888532e-24 563.994995351
3.47826086957 8756.99970938 2.65869821539e-49 7568.00036394 2.9901827274e-26 7248.00124777 1.79677228466e-93 5847.00170483 7.26874148291e-63 4627.00193361 -2.31846307696e-18 4419.00635549 5.87647272383e-27 1807.99226555 1.7501205831e-30 2126.00017461 4.62164627662e-49 1380.00124948 5.1430541166e-24 563.994995351
3.54515050167 8756.99970938 2.5361669969e-49 7568.00036394 2.85259092937e-26 7248.00124777 1.7139573179e-93 5847.00170483 6.93374262508e-63 4627.00193361 -2.21190320025e-18 4419.00635549 5.60555868153e-27 1807.99226555 1.66924080839e-30 2126.00017461 4.40872209338e-49 1380.00124948 4.90608934789e-24 563.994995351
3.61204013378 8756.99970938 2.41363577842e-49 7568.00036394 2.71499913134e-26 7248.00124777 1.63114235114e-93 5847.00170483 6.59874376725e-63 4627.00193361 -2.10534332354e-18 4419.00635549 5.33464463923e-27 1807.99226555 1.58836103368e-30 2126.00017461 4.19579791015e-49 1380.00124948 4.66912457917e-24 563.994995351
3.67892976589 8756.99970938 2.29110455993e-49 7568.00036394 2.5774073333e-26 7248.00124777 1.54832738438e-93 5847.00170483 6.26374490943e-63 4627.00193361 -1.99878344683e-18 4419.00635549 5.06373059693e-27 1807.99226555 1.50748125896e-30 2126.00017461 3.98287372692e-49 1380.00124948 4.43215981045e-24 563.994995351
3.74581939799 8756.99970938 2.16857334144e-49 7568.00036394 2.43981553527e-26 7248.00124777 1.46551241763e-93 5847.00170483 5.9287460516e-63 4627.00193361 -1.89222357012e-18 4419.00635549 4.79281655463e-27 1807.99226555 1.42660148425e-30 2126.00017461 3.76994954368e-49 1380.00124948 4.19519504174e-24 563.994995351
3.8127090301 8756.99970938 2.04604212295e-49 7568.00036394 2.30222373724e-26 7248.00124777 1.38269745087e-93 5847.00170483 5.59374719377e-63 4627.00193361 -1.78566369341e-18 4419.00635549 4.52190251233e-27 1807.99226555 1.34572170953e-30 2126.00017461 3.55702536045e-49 1380.00124948 3.95823027302e-24 563.994995351
3.87959866221 8756.99970938 1.92351090446e-49 7568.00036394 2.16463193921e-26 7248.00124777 1.29988248411e-93 5847.00170483 5.25874833595e-63 4627.00193361 -1.6791038167e-18 4419.00635549 4.25098847003e-27 1807.99226555 1.26484193482e-30 2126.00017461 3.34410117721e-49 1380.00124948 3.7212655043e-24 563.994995351
3.94648829431 8756.99970938 1.80097968597e-49 7568.00036394 2.02704014118e-26 7248.00124777 1.21706751735e-93 5847.00170483 4.92374947812e-63 4627.00193361 -1.57254393999e-18 4419.00635549 3.98007442773e-27 1807.99226555 1.18396216011e-30 2126.00017461 3.13117699398e-49 1380.00124948 3.48430073559e-24 563.994995351
4.01337792642 8756.99970938 1.67844846748e-49 7568.00036394 1.88944834314e-26 7248.00124777 1.13425255059e-93 5847.00170483 4.58875062029e-63 4627.00193361 -1.46598406328e-18 4419.00635549 3.70916038543e-27 1807.99226555 1.10308238539e-30 2126.00017461 2.91825281075e-49 1380.00124948 3.24733596687e-24 563.994995351
4.08026755853 8756.99970938 1.55591724899e-49 7568.00036394 1.75185654511e-26 7248.00124777 1.05143758384e-93 5847.00170483 4.25375176247e-63 4627.00193361 -1.35942418657e-18 4419.00635549 3.43824634314e-27 1807.99226555 1.02220261068e-30 2126.00017461 2.70532862751e-49 1380.00124948 3.01037119816e-24 563.994995351
4.14715719064 8756.99970938 1.4333860305e-49 7568.00036394 1.61426474708e-26 7248.00124777 9.68622617078e-94 5847.00170483 3.91875290464e-63 4627.00193361 -1.25286430986e-18 4419.00635549 3.16733230084e-27 1807.99226555 9.41322835963e-31 2126.00017461 2.49240444428e-49 1380.00124948 2.77340642944e-24 563.994995351
4.21404682274 8756.99970938 1.31085481201e-49 7568.00036394 1.47667294905e-26 7248.00124777 8.85807650321e-94 5847.00170483 3.58375404681e-63 4627.00193361 -1.14630443315e-18 4419.00635549 2.89641825854e-27 1807.99226555 8.60443061249e-31 2126.00017461 2.27948026104e-49 1380.00124948 2.53644166072e-24 563.994995351
4.28093645485 8756.99970938 1.18832359352e-49 7568.00036394 1.33908115102e-26 7248.00124777 8.02992683563e-94 5847.00170483 3.24875518899e-63 4627.00193361 -1.03974455643e-18 4419.00635549 2.62550421624e-27 1807.99226555 7.79563286535e-31 2126.00017461 2.06655607781e-49 1380.00124948 2.29947689201e-24 563.994995351
4.34782608696 8756.99970938 1.06579237503e-49 7568.00036394 1.20148935299e-26 7248.00124777 7.20177716805e-94 5847.00170483 2.91375633116e-63 4627.00193361 -9.33184679724e-19 4419.00635549 2.35459017394e-27 1807.99226555 6.9868351182e-31 2126.00017461 1.85363189458e-49 1380.00124948 2.06251212329e-24 563.994995351
4.41471571906 8756.99970938 9.43261156539e-50 7568.00036394 1.06389755495e-26 7248.00124777 6.37362750047e-94 5847.00170483 2.57875747333e-63 4627.00193361 -8.26624803013e-19 4419.00635549 2.08367613164e-27 1807.99226555 6.17803737106e-31 2126.00017461 1.64070771134e-49 1380.00124948 1.82554735457e-24 563.994995351
4.48160535117 8756.99970938 8.20729938049e-50 7568.00036394 9.26305756922e-27 7248.00124777 5.54547783289e-94 5847.00170483 2.24375861551e-63 4627.00193361 -7.20064926303e-19 4419.00635549 1.81276208934e-27 1807.99226555 5.36923962392e-31 2126.00017461 1.42778352811e-49 1380.00124948 1.58858258586e-24 563.994995351
4.54849498328 8756.99970938 6.9819871956e-50 7568.00036394 7.88713958891e-27 7248.00124777 4.71732816531e-94 5847.00170483 1.90875975768e-63 4627.00193361 -6.13505049592e-19 4419.00635549 1.54184804704e-27 1807.99226555 4.56044187678e-31 2126.00017461 1.21485934488e-49 1380.00124948 1.35161781714e-24 563.994995351
4.61538461538 8756.99970938 5.7566750107e-50 7568.00036394 6.51122160859e-27 7248.00124777 3.88917849773e-94 5847.00170483 1.57376089985e-63 4627.00193361 -5.06945172881e-19 4419.00635549 1.27093400474e-27 1807.99226555 3.75164412964e-31 2126.00017461 1.00193516164e-49 1380.00124948 1.11465304843e-24 563.994995351
4.68227424749 8756.99970938 4.5313628258e-50 7568.00036394 5.13530362827e-27 7248.00124777 3.06102883016e-94 5847.00170483 1.23876204203e-63 4627.00193361 -4.00385296171e-19 4419.00635549 1.00001996245e-27 1807.99226555 2.94284638249e-31 2126.00017461 7.89010978409e-50 1380.00124948 8.77688279709e-25 563.994995351
4.7491638796 8756.99970938 3.30605064091e-50 7568.00036394 3.75938564795e-27 7248.00124777 2.23287916258e-94 5847.00170483 9.03763184199e-64 4627.00193361 -2.9382541946e-19 4419.00635549 7.29105920147e-28 1807.99226555 2.13404863535e-31 2126.00017461 5.76086795175e-50 1380.00124948 6.40723510992e-25 563.994995351
4.81605351171 8756.99970938 2.08073845601e-50 7568.00036394 2.38346766764e-27 7248.00124777 1.404729495e-94 5847.00170483 5.68764326373e-64 4627.00193361 -1.87265542749e-19 4419.00635549 4.58191877848e-28 1807.99226555 1.32525088821e-31 2126.00017461 3.63162611941e-50 1380.00124948 4.03758742276e-25 563.994995351
4.88294314381 8756.99970938 8.55426271112e-51 7568.00036394 1.00754968732e-27 7248.00124777 5.76579827421e-95 5847.00170483 2.33765468546e-64 4627.00193361 -8.07056660386e-20 4419.00635549 1.87277835549e-28 1807.99226555 5.16453141069e-32 2126.00017461 1.50238428707e-50 1380.00124948 1.6679397356e-25 563.994995351
4.94983277592 8756.99970938 1.53912119192e-52 7568.00036394 6.42172191826e-29 7248.00124777 8.8283291393e-97 5847.00170483 4.10101405616e-66 4627.00193361 -7.64530713539e-21 4419.00635549 1.54963627147e-30 1807.99226555 -3.79847795783e-33 2126.00017461 4.26279531091e-52 1380.00124948 4.33710678516e-27 563.994995351
5.01672240803 8756.99970938 1.53423284207e-52 7568.00036394 6.40132831989e-29 7248.00124777 8.80028961747e-97 5847.00170483 4.08798895332e-66 4627.00193361 -7.62103050503e-21 4419.00635549 1.54471441799e-30 1807.99226555 -3.78641145916e-33 2126.00017461 4.24925671448e-52 1380.00124948 4.32333210098e-27 563.994995351
5.08361204013 8756.99970938 1.52934449221e-52 7568.00036394 6.38093472152e-29 7248.00124777 8.77225009564e-97 5847.00170483 4.07496385048e-66 4627.00193361 -7.59675387467e-21 4419.00635549 1.53979256451e-30 1807.99226555 -3.7743449605e-33 2126.00017461 4.23571811804e-52 1380.00124948 4.3095574168e-27 563.994995351
5.15050167224 8756.99970938 1.52445614236e-52 7568.00036394 6.36054112315e-29 7248.00124777 8.74421057381e-97 5847.00170483 4.06193874763e-66 4627.00193361 -7.57247724431e-21 4419.00635549 1.53487071102e-30 1807.99226555 -3.76227846183e-33 2126.00017461 4.2221795216e-52 1380.00124948 4.29578273262e-27 563.994995351
5.21739130435 8756.99970938 1.5195677925e-52 7568.00036394 6.34014752478e-29 7248.00124777 8.71617105198e-97 5847.00170483 4.04891364479e-66 4627.00193361 -7.54820061395e-21 4419.00635549 1.52994885754e-30 1807.99226555 -3.75021196316e-33 2126.00017461 4.20864092516e-52 1380.00124948 4.28200804844e-27 563.994995351
5.28428093645 8756.99970938 1.51467944265e-52 7568.00036394 6.31975392641e-29 7248.00124777 8.68813153015e-97 5847.00170483 4.03588854195e-66 4627.00193361 -7.52392398359e-21 4419.00635549 1.52502700405e-30 1807.99226555 -3.73814546449e-33 2126.00017461 4.19510232872e-52 1380.00124948 4.26823336426e-27 563.994995351
5.35117056856 8756.99970938 1.50979109279e-52 7568.00036394 6.29936032805e-29 7248.00124777 8.66009200832e-97 5847.00170483 4.02286343911e-66 4627.00193361 -7.49964735323e-21 4419.00635549 1.52010515057e-30 1807.99226555 -3.72607896582e-33 2126.00017461 4.18156373228e-52 1380.00124948 4.25445868008e-27 563.994995351
5.41806020067 8756.99970938 1.50490274294e-52 7568.00036394 6.27896672968e-29 7248.00124777 8.63205248649e-97 5847.00170483 4.00983833627e-66 4627.00193361 -7.47537072287e-21 4419.00635549 1.51518329709e-30 1807.99226555 -3.71401246716e-33 2126.00017461 4.16802513585e-52 1380.00124948 4.2406839959e-27 563.994995351
5.48494983278 8756.99970938 1.50001439308e-52 7568.00036394 6.25857313131e-29 7248.00124777 8.60401296466e-97 5847.00170483 3.99681323343e-66 4627.00193361 -7.45109409251e-21 4419.00635549 1.5102614436e-30 1807.99226555 -3.70194596849e-33 2126.00017461 4.15448653941e-52 1380.00124948 4.22690931173e-27 563.994995351
5.55183946488 8756.99970938 1.49512604323e-52 7568.00036394 6.23817953294e-29 7248.00124777 8.57597344284e-97 5847.00170483 3.98378813059e-66 4627.00193361 -7.42681746215e-21 4419.00635549 1.50533959012e-30 1807.99226555 -3.68987946982e-33 2126.00017461 4.14094794297e-52 1380.00124948 4.21313462755e-27 563.994995351
5.61872909699 8756.99970938 1.49023769337e-52 7568.00036394 6.21778593457e-29 7248.00124777 8.54793392101e-97 5847.00170483 3.97076302775e-66 4627.00193361 -7.40254083179e-21 4419.00635549 1.50041773663e-30 1807.99226555 -3.67781297115e-33 2126.00017461 4.12740934653e-52 1380.00124948 4.19935994337e-27 563.994995351
5.6856187291 8756.99970938 1.48534934352e-52 7568.00036394 6.1973923362e-29 7248.00124777 8.51989439918e-97 5847.00170483 3.9577379249e-66 4627.00193361 -7.37826420143e-21 4419.00635549 1.49549588315e-30 1807.99226555 -3.66574647248e-33 2126.00017461 4.11387075009e-52 1380.00124948 4.18558525919e-27 563.994995351
5.7525083612 8756.99970938 1.48046099366e-52 7568.00036394 6.17699873783e-29 7248.00124777 8.49185487735e-97 5847.00170483 3.94471282206e-66 4627.00193361 -7.35398757107e-21 4419.00635549 1.49057402967e-30 1807.99226555 -3.65367997381e-33 2126.00017461 4.10033215365e-52 1380.00124948 4.17181057501e-27 563.994995351
5.81939799331 8756.99970938 1.47557264381e-52 7568.00036394 6.15660513946e-29 7248.00124777 8.46381535552e-97 5847.00170483 3.93168771922e-66 4627.00193361 -7.32971094071e-21 4419.00635549 1.48565217618e-30 1807.99226555 -3.64161347515e-33 2126.00017461 4.08679355721e-52 1380.00124948 4.15803589083e-27 563.994995351
5.88628762542 8756.99970938 1.47068429395e-52 7568.00036394 6.13621154109e-29 7248.00124777 8.43577583369e-97 5847.00170483 3.91866261638e-66 4627.00193361 -7.30543431035e-21 4419.00635549 1.4807303227e-30 1807.99226555 -3.62954697648e-33 2126.00017461 4.07325496078e-52 1380.00124948 4.14426120665e-27 563.994995351
5.95317725753 8756.99970938 1.4657959441e-52 7568.00036394 6.11581794272e-29 7248.00124777 8.40773631186e-97 5847.00170483 3.90563751354e-66 4627.00193361 -7.28115767999e-21 4419.00635549 1.47580846921e-30 1807.99226555 -3.61748047781e-33 2126.00017461 4.05971636434e-52 1380.00124948 4.13048652247e-27 563.994995351
6.02006688963 8756.99970938 1.46090759424e-52 7568.00036394 6.09542434435e-29 7248.00124777 8.37969679003e-97 5847.00170483 3.8926124107e-66 4627.00193361 -7.25688104963e-21 4419.00635549 1.47088661573e-30 1807.99226555 -3.60541397914e-33 2126.00017461 4.0461777679e-52 1380.00124948 4.11671183829e-27 563.994995351
6.08695652174 8756.99970938 1.45601924439e-52 7568.00036394 6.07503074598e-29 7248.00124777 8.3516572682e-97 5847.00170483 3.87958730786e-66 4627.00193361 -7.23260441927e-21 4419.00635549 1.46596476225e-30 1807.99226555 -3.59334748047e-33 2126.00017461 4.03263917146e-52 1380.00124948 4.10293715411e-27 563.994995351
6.15384615385 8756.99970938 1.45113089453e-52 7568.00036394 6.05463714761e-29 7248.00124777 8.32361774637e-97 5847.00170483 3.86656220501e-66 4627.00193361 -7.20832778891e-21 4419.00635549 1.46104290876e-30 1807.99226555 -3.58128098181e-33 2126.00017461 4.01910057502e-52 1380.00124948 4.08916246993e-27 563.994995351
6.22073578595 8756.99970938 1.44624254468e-52 7568.00036394 6.03424354924e-29 7248.00124777 8.29557822454e-97 5847.00170483 3.85353710217e-66 4627.00193361 -7.18405115854e-21 4419.00635549 1.45612105528e-30 1807.99226555 -3.56921448314e-33 2126.00017461 4.00556197858e-52 1380.00124948 4.07538778575e-27 563.994995351
6.28762541806 8756.99970938 1.44135419482e-52 7568.00036394 6.01384995087e-29 7248.00124777 8.26753870272e-97 5847.00170483 3.84051199933e-66 4627.00193361 -7.15977452818e-21 4419.00635549 1.45119920179e-30 1807.99226555 -3.55714798447e-33 2126.00017461 3.99202338215e-52 1380.00124948 4.06161310158e-27 563.994995351
6.35451505017 8756.99970938 1.43646584497e-52 7568.00036394 5.9934563525e-29 7248.00124777 8.23949918089e-97 5847.00170483 3.82748689649e-66 4627.00193361 -7.13549789782e-21 4419.00635549 1.44627734831e-30 1807.99226555 -3.5450814858e-33 2126.00017461 3.97848478571e-52 1380.00124948 4.0478384174e-27 563.994995351
6.42140468227 8756.99970938 1.43157749511e-52 7568.00036394 5.97306275414e-29 7248.00124777 8.21145965906e-97 5847.00170483 3.81446179365e-66 4627.00193361 -7.11122126746e-21 4419.00635549 1.44135549483e-30 1807.99226555 -3.53301498713e-33 2126.00017461 3.96494618927e-52 1380.00124948 4.03406373322e-27 563.994995351
6.48829431438 8756.99970938 1.42668914526e-52 7568.00036394 5.95266915577e-29 7248.00124777 8.18342013723e-97 5847.00170483 3.80143669081e-66 4627.00193361 -7.0869446371e-21 4419.00635549 1.43643364134e-30 1807.99226555 -3.52094848847e-33 2126.00017461 3.95140759283e-52 1380.00124948 4.02028904904e-27 563.994995351
6.55518394649 8756.99970938 1.4218007954e-52 7568.00036394 5.9322755574e-29 7248.00124777 8.1553806154e-97 5847.00170483 3.78841158797e-66 4627.00193361 -7.06266800674e-21 4419.00635549 1.43151178786e-30 1807.99226555 -3.5088819898e-33 2126.00017461 3.93786899639e-52 1380.00124948 4.00651436486e-27 563.994995351
6.6220735786 8756.99970938 1.41691244555e-52 7568.00036394 5.91188195903e-29 7248.00124777 8.12734109357e-97 5847.00170483 3.77538648513e-66 4627.00193361 -7.03839137638e-21 4419.00635549 1.42658993437e-30 1807.99226555 -3.49681549113e-33 2126.00017461 3.92433039995e-52 1380.00124948 3.99273968068e-27 563.994995351
6.6889632107 8756.99970938 1.41202409569e-52 7568.00036394 5.89148836066e-29 7248.00124777 8.09930157174e-97 5847.00170483 3.76236138228e-66 4627.00193361 -7.01411474602e-21 4419.00635549 1.42166808089e-30 1807.99226555 -3.48474899246e-33 2126.00017461 3.91079180351e-52 1380.00124948 3.9789649965e-27 563.994995351
6.75585284281 8756.99970938 1.40713574584e-52 7568.00036394 5.87109476229e-29 7248.00124777 8.07126204991e-97 5847.00170483 3.74933627944e-66 4627.00193361 -6.98983811566e-21 4419.00635549 1.41674622741e-30 1807.99226555 -3.47268249379e-33 2126.00017461 3.89725320708e-52 1380.00124948 3.96519031232e-27 563.994995351
6.82274247492 8756.99970938 1.40224739598e-52 7568.00036394 5.85070116392e-29 7248.00124777 8.04322252808e-97 5847.00170483 3.7363111766e-66 4627.00193361 -6.9655614853e-21 4419.00635549 1.41182437392e-30 1807.99226555 -3.46061599513e-33 2126.00017461 3.88371461064e-52 1380.00124948 3.95141562814e-27 563.994995351
6.88963210702 8756.99970938 1.39735904613e-52 7568.00036394 5.83030756555e-29 7248.00124777 8.01518300625e-97 5847.00170483 3.72328607376e-66 4627.00193361 -6.94128485494e-21 4419.00635549 1.40690252044e-30 1807.99226555 -3.44854949646e-33 2126.00017461 3.8701760142e-52 1380.00124948 3.93764094396e-27 563.994995351
6.95652173913 8756.99970938 1.39247069627e-52 7568.00036394 5.80991396718e-29 7248.00124777 7.98714348442e-97 5847.00170483 3.71026097092e-66 4627.00193361 -6.91700822458e-21 4419.00635549 1.40198066695e-30 1807.99226555 -3.43648299779e-33 2126.00017461 3.85663741776e-52 1380.00124948 3.92386625978e-27 563.994995351
7.02341137124 8756.99970938 1.38758234642e-52 7568.00036394 5.78952036881e-29 7248.00124777 7.9591039626e-97 5847.00170483 3.69723586808e-66 4627.00193361 -6.89273159422e-21 4419.00635549 1.39705881347e-30 1807.99226555 -3.42441649912e-33 2126.00017461 3.84309882132e-52 1380.00124948 3.9100915756e-27 563.994995351
7.09030100334 8756.99970938 1.38269399656e-52 7568.00036394 5.76912677044e-29 7248.00124777 7.93106444077e-97 5847.00170483 3.68421076524e-66 4627.00193361 -6.86845496386e-21 4419.00635549 1.39213695999e-30 1807.99226555 -3.41235000045e-33 2126.00017461 3.82956022488e-52 1380.00124948 3.89631689142e-27 563.994995351
7.15719063545 8756.99970938 1.37780564671e-52 7568.00036394 5.74873317207e-29 7248.00124777 7.90302491894e-97 5847.00170483 3.6711856624e-66 4627.00193361 -6.8441783335e-21 4419.00635549 1.3872151065e-30 1807.99226555 -3.40028350179e-33 2126.00017461 3.81602162844e-52 1380.00124948 3.88254220725e-27 563.994995351
7.22408026756 8756.99970938 1.37291729685e-52 7568.00036394 5.7283395737e-29 7248.00124777 7.87498539711e-97 5847.00170483 3.65816055955e-66 4627.00193361 -6.81990170314e-21 4419.00635549 1.38229325302e-30 1807.99226555 -3.38821700312e-33 2126.00017461 3.80248303201e-52 1380.00124948 3.86876752307e-27 563.994995351
7.29096989967 8756.99970938 1.36802894699e-52 7568.00036394 5.70794597533e-29 7248.00124777 7.84694587528e-97 5847.00170483 3.64513545671e-66 4627.00193361 -6.79562507278e-21 4419.00635549 1.37737139953e-30 1807.99226555 -3.37615050445e-33 2126.00017461 3.78894443557e-52 1380.00124948 3.85499283889e-27 563.994995351
7.35785953177 8756.99970938 1.36314059714e-52 7568.00036394 5.68755237696e-29 7248.00124777 7.81890635345e-97 5847.00170483 3.63211035387e-66 4627.00193361 -6.77134844242e-21 4419.00635549 1.37244954605e-30 1807.99226555 -3.36408400578e-33 2126.00017461 3.77540583913e-52 1380.00124948 3.84121815471e-27 563.994995351
7.42474916388 8756.99970938 1.35825224728e-52 7568.00036394 5.66715877859e-29 7248.00124777 7.79086683162e-97 5847.00170483 3.61908525103e-66 4627.00193361 -6.74707181206e-21 4419.00635549 1.36752769257e-30 1807.99226555 -3.35201750711e-33 2126.00017461 3.76186724269e-52 1380.00124948 3.82744347053e-27 563.994995351
7.49163879599 8756.99970938 1.35336389743e-52 7568.00036394 5.64676518023e-29 7248.00124777 7.76282730979e-97 5847.00170483 3.60606014819e-66 4627.00193361 -6.7227951817e-21 4419.00635549 1.36260583908e-30 1807.99226555 -3.33995100845e-33 2126.00017461 3.74832864625e-52 1380.00124948 3.81366878635e-27 563.994995351
7.55852842809 8756.99970938 1.34847554757e-52 7568.00036394 5.62637158186e-29 7248.00124777 7.73478778796e-97 5847.00170483 3.59303504535e-66 4627.00193361 -6.69851855134e-21 4419.00635549 1.3576839856e-30 1807.99226555 -3.32788450978e-33 2126.00017461 3.73479004981e-52 1380.00124948 3.79989410217e-27 563.994995351
7.6254180602 8756.99970938 1.34358719772e-52 7568.00036394 5.60597798349e-29 7248.00124777 7.70674826613e-97 5847.00170483 3.58000994251e-66 4627.00193361 -6.67424192098e-21 4419.00635549 1.35276213211e-30 1807.99226555 -3.31581801111e-33 2126.00017461 3.72125145338e-52 1380.00124948 3.78611941799e-27 563.994995351
7.69230769231 8756.99970938 1.33869884786e-52 7568.00036394 5.58558438512e-29 7248.00124777 7.67870874431e-97 5847.00170483 3.56698483966e-66 4627.00193361 -6.64996529062e-21 4419.00635549 1.34784027863e-30 1807.99226555 -3.30375151244e-33 2126.00017461 3.70771285694e-52 1380.00124948 3.77234473381e-27 563.994995351
7.75919732441 8756.99970938 1.33381049801e-52 7568.00036394 5.56519078675e-29 7248.00124777 7.65066922248e-97 5847.00170483 3.55395973682e-66 4627.00193361 -6.62568866026e-21 4419.00635549 1.34291842515e-30 1807.99226555 -3.29168501377e-33 2126.00017461 3.6941742605e-52 1380.00124948 3.75857004963e-27 563.994995351
7.82608695652 8756.99970938 1.32892214815e-52 7568.00036394 5.54479718838e-29 7248.00124777 7.62262970065e-97 5847.00170483 3.54093463398e-66 4627.00193361 -6.6014120299e-21 4419.00635549 1.33799657166e-30 1807.99226555 -3.27961851511e-33 2126.00017461 3.68063566406e-52 1380.00124948 3.74479536545e-27 563.994995351
7.89297658863 8756.99970938 1.3240337983e-52 7568.00036394 5.52440359001e-29 7248.00124777 7.59459017882e-97 5847.00170483 3.52790953114e-66 4627.00193361 -6.57713539954e-21 4419.00635549 1.33307471818e-30 1807.99226555 -3.26755201644e-33 2126.00017461 3.66709706762e-52 1380.00124948 3.73102068127e-27 563.994995351
7.95986622074 8756.99970938 1.31914544844e-52 7568.00036394 5.50400999164e-29 7248.00124777 7.56655065699e-97 5847.00170483 3.5148844283e-66 4627.00193361 -6.55285876918e-21 4419.00635549 1.32815286469e-30 1807.99226555 -3.25548551777e-33 2126.00017461 3.65355847118e-52 1380.00124948 3.7172459971e-27 563.994995351
8.02675585284 8756.99970938 1.31425709859e-52 7568.00036394 5.48361639327e-29 7248.00124777 7.53851113516e-97 5847.00170483 3.50185932546e-66 4627.00193361 -6.52858213882e-21 4419.00635549 1.32323101121e-30 1807.99226555 -3.2434190191e-33 2126.00017461 3.64001987474e-52 1380.00124948 3.70347131292e-27 563.994995351
8.09364548495 8756.99970938 1.30936874873e-52 7568.00036394 5.4632227949e-29 7248.00124777 7.51047161333e-97 5847.00170483 3.48883422262e-66 4627.00193361 -6.50430550846e-21 4419.00635549 1.31830915773e-30 1807.99226555 -3.23135252043e-33 2126.00017461 3.62648127831e-52 1380.00124948 3.68969662874e-27 563.994995351
8.16053511706 8756.99970938 1.30448039888e-52 7568.00036394 5.44282919653e-29 7248.00124777 7.4824320915e-97 5847.00170483 3.47580911978e-66 4627.00193361 -6.48002887809e-21 4419.00635549 1.31338730424e-30 1807.99226555 -3.21928602177e-33 2126.00017461 3.61294268187e-52 1380.00124948 3.67592194456e-27 563.994995351
8.22742474916 8756.99970938 1.29959204902e-52 7568.00036394 5.42243559816e-29 7248.00124777 7.45439256967e-97 5847.00170483 3.46278401693e-66 4627.00193361 -6.45575224773e-21 4419.00635549 1.30846545076e-30 1807.99226555 -3.2072195231e-33 2126.00017461 3.59940408543e-52 1380.00124948 3.66214726038e-27 563.994995351
8.29431438127 8756.99970938 1.29470369917e-52 7568.00036394 5.40204199979e-29 7248.00124777 7.42635304784e-97 5847.00170483 3.44975891409e-66 4627.00193361 -6.43147561737e-21 4419.00635549 1.30354359727e-30 1807.99226555 -3.19515302443e-33 2126.00017461 3.58586548899e-52 1380.00124948 3.6483725762e-27 563.994995351
8.36120401338 8756.99970938 1.28981534931e-52 7568.00036394 5.38164840142e-29 7248.00124777 7.39831352601e-97 5847.00170483 3.43673381125e-66 4627.00193361 -6.40719898701e-21 4419.00635549 1.29862174379e-30 1807.99226555 -3.18308652576e-33 2126.00017461 3.57232689255e-52 1380.00124948 3.63459789202e-27 563.994995351
8.42809364548 8756.99970938 1.28492699946e-52 7568.00036394 5.36125480305e-29 7248.00124777 7.37027400419e-97 5847.00170483 3.42370870841e-66 4627.00193361 -6.38292235665e-21 4419.00635549 1.29369989031e-30 1807.99226555 -3.17102002709e-33 2126.00017461 3.55878829611e-52 1380.00124948 3.62082320784e-27 563.994995351
8.49498327759 8756.99970938 1.2800386496e-52 7568.00036394 5.34086120468e-29 7248.00124777 7.34223448236e-97 5847.00170483 3.41068360557e-66 4627.00193361 -6.35864572629e-21 4419.00635549 1.28877803682e-30 1807.99226555 -3.15895352842e-33 2126.00017461 3.54524969968e-52 1380.00124948 3.60704852366e-27 563.994995351
8.5618729097 8756.99970938 1.27515029975e-52 7568.00036394 5.32046760632e-29 7248.00124777 7.31419496053e-97 5847.00170483 3.39765850273e-66 4627.00193361 -6.33436909593e-21 4419.00635549 1.28385618334e-30 1807.99226555 -3.14688702976e-33 2126.00017461 3.53171110324e-52 1380.00124948 3.59327383948e-27 563.994995351
8.62876254181 8756.99970938 1.27026194989e-52 7568.00036394 5.30007400795e-29 7248.00124777 7.2861554387e-97 5847.00170483 3.38463339989e-66 4627.00193361 -6.31009246557e-21 4419.00635549 1.27893432985e-30 1807.99226555 -3.13482053109e-33 2126.00017461 3.5181725068e-52 1380.00124948 3.5794991553e-27 563.994995351
8.69565217391 8756.99970938 1.26537360004e-52 7568.00036394 5.27968040958e-29 7248.00124777 7.25811591687e-97 5847.00170483 3.37160829705e-66 4627.00193361 -6.28581583521e-21 4419.00635549 1.27401247637e-30 1807.99226555 -3.12275403242e-33 2126.00017461 3.50463391036e-52 1380.00124948 3.56572447112e-27 563.994995351
8.76254180602 8756.99970938 1.26048525018e-52 7568.00036394 5.25928681121e-29 7248.00124777 7.23007639504e-97 5847.00170483 3.3585831942e-66 4627.00193361 -6.26153920485e-21 4419.00635549 1.26909062289e-30 1807.99226555 -3.11068753375e-33 2126.00017461 3.49109531392e-52 1380.00124948 3.55194978694e-27 563.994995351
8.82943143813 8756.99970938 1.25559690033e-52 7568.00036394 5.23889321284e-29 7248.00124777 7.20203687321e-97 5847.00170483 3.34555809136e-66 4627.00193361 -6.23726257449e-21 4419.00635549 1.2641687694e-30 1807.99226555 -3.09862103508e-33 2126.00017461 3.47755671748e-52 1380.00124948 3.53817510277e-27 563.994995351
8.89632107023 8756.99970938 1.25070855047e-52 7568.00036394 5.21849961447e-29 7248.00124777 7.17399735138e-97 5847.00170483 3.33253298852e-66 4627.00193361 -6.21298594413e-21 4419.00635549 1.25924691592e-30 1807.99226555 -3.08655453642e-33 2126.00017461 3.46401812104e-52 1380.00124948 3.52440041859e-27 563.994995351
8.96321070234 8756.99970938 1.24582020062e-52 7568.00036394 5.1981060161e-29 7248.00124777 7.14595782955e-97 5847.00170483 3.31950788568e-66 4627.00193361 -6.18870931377e-21 4419.00635549 1.25432506243e-30 1807.99226555 -3.07448803775e-33 2126.00017461 3.45047952461e-52 1380.00124948 3.51062573441e-27 563.994995351
9.03010033445 8756.99970938 1.24093185076e-52 7568.00036394 5.17771241773e-29 7248.00124777 7.11791830772e-97 5847.00170483 3.30648278284e-66 4627.00193361 -6.16443268341e-21 4419.00635549 1.24940320895e-30 1807.99226555 -3.06242153908e-33 2126.00017461 3.43694092817e-52 1380.00124948 3.49685105023e-27 563.994995351
9.09698996656 8756.99970938 1.23604350091e-52 7568.00036394 5.15731881936e-29 7248.00124777 7.08987878589e-97 5847.00170483 3.29345768e-66 4627.00193361 -6.14015605305e-21 4419.00635549 1.24448135547e-30 1807.99226555 -3.05035504041e-33 2126.00017461 3.42340233173e-52 1380.00124948 3.48307636605e-27 563.994995351
9.16387959866 8756.99970938 1.23115515105e-52 7568.00036394 5.13692522099e-29 7248.00124777 7.06183926407e-97 5847.00170483 3.28043257716e-66 4627.00193361 -6.11587942269e-21 4419.00635549 1.23955950198e-30 1807.99226555 -3.03828854174e-33 2126.00017461 3.40986373529e-52 1380.00124948 3.46930168187e-27 563.994995351
9.23076923077 8756.99970938 1.2262668012e-52 7568.00036394 5.11653162262e-29 7248.00124777 7.03379974224e-97 5847.00170483 3.26740747431e-66 4627.00193361 -6.09160279233e-21 4419.00635549 1.2346376485e-30 1807.99226555 -3.02622204308e-33 2126.00017461 3.39632513885e-52 1380.00124948 3.45552699769e-27 563.994995351
9.29765886288 8756.99970938 1.22137845134e-52 7568.00036394 5.09613802425e-29 7248.00124777 7.00576022041e-97 5847.00170483 3.25438237147e-66 4627.00193361 -6.06732616197e-21 4419.00635549 1.22971579501e-30 1807.99226555 -3.01415554441e-33 2126.00017461 3.38278654241e-52 1380.00124948 3.44175231351e-27 563.994995351
9.36454849498 8756.99970938 1.21649010149e-52 7568.00036394 5.07574442588e-29 7248.00124777 6.97772069858e-97 5847.00170483 3.24135726863e-66 4627.00193361 -6.04304953161e-21 4419.00635549 1.22479394153e-30 1807.99226555 -3.00208904574e-33 2126.00017461 3.36924794597e-52 1380.00124948 3.42797762933e-27 563.994995351
9.43143812709 8756.99970938 1.21160175163e-52 7568.00036394 5.05535082751e-29 7248.00124777 6.94968117675e-97 5847.00170483 3.22833216579e-66 4627.00193361 -6.01877290125e-21 4419.00635549 1.21987208805e-30 1807.99226555 -2.99002254707e-33 2126.00017461 3.35570934954e-52 1380.00124948 3.41420294515e-27 563.994995351
9.4983277592 8756.99970938 1.20671340178e-52 7568.00036394 5.03495722914e-29 7248.00124777 6.92164165492e-97 5847.00170483 3.21530706295e-66 4627.00193361 -5.99449627089e-21 4419.00635549 1.21495023456e-30 1807.99226555 -2.9779560484e-33 2126.00017461 3.3421707531e-52 1380.00124948 3.40042826097e-27 563.994995351
9.5652173913 8756.99970938 1.20182505192e-52 7568.00036394 5.01456363077e-29 7248.00124777 6.89360213309e-97 5847.00170483 3.20228196011e-66 4627.00193361 -5.97021964053e-21 4419.00635549 1.21002838108e-30 1807.99226555 -2.96588954974e-33 2126.00017461 3.32863215666e-52 1380.00124948 3.38665357679e-27 563.994995351
9.63210702341 8756.99970938 1.19693670207e-52 7568.00036394 4.99417003241e-29 7248.00124777 6.86556261126e-97 5847.00170483 3.18925685727e-66 4627.00193361 -5.94594301017e-21 4419.00635549 1.20510652759e-30 1807.99226555 -2.95382305107e-33 2126.00017461 3.31509356022e-52 1380.00124948 3.37287889262e-27 563.994995351
9.69899665552 8756.99970938 1.19204835221e-52 7568.00036394 4.97377643404e-29 7248.00124777 6.83752308943e-97 5847.00170483 3.17623175443e-66 4627.00193361 -5.92166637981e-21 4419.00635549 1.20018467411e-30 1807.99226555 -2.9417565524e-33 2126.00017461 3.30155496378e-52 1380.00124948 3.35910420844e-27 563.994995351
9.76588628763 8756.99970938 1.18716000236e-52 7568.00036394 4.95338283567e-29 7248.00124777 6.8094835676e-97 5847.00170483 3.16320665158e-66 4627.00193361 -5.89738974945e-21 4419.00635549 1.19526282063e-30 1807.99226555 -2.92969005373e-33 2126.00017461 3.28801636734e-52 1380.00124948 3.34532952426e-27 563.994995351
9.83277591973 8756.99970938 1.1822716525e-52 7568.00036394 4.9329892373e-29 7248.00124777 6.78144404578e-97 5847.00170483 3.15018154874e-66 4627.00193361 -5.87311311909e-21 4419.00635549 1.19034096714e-30 1807.99226555 -2.91762355506e-33 2126.00017461 3.27447777091e-52 1380.00124948 3.33155484008e-27 563.994995351
9.89966555184 8756.99970938 1.17738330265e-52 7568.00036394 4.91259563893e-29 7248.00124777 6.75340452395e-97 5847.00170483 3.1371564459e-66 4627.00193361 -5.84883648873e-21 4419.00635549 1.18541911366e-30 1807.99226555 -2.9055570564e-33 2126.00017461 3.26093917447e-52 1380.00124948 3.3177801559e-27 563.994995351
9.96655518395 8756.99970938 1.17249495279e-52 7568.00036394 4.89220204056e-29 7248.00124777 6.72536500212e-97 5847.00170483 3.12413134306e-66 4627.00193361 -5.82455985837e-21 4419.00635549 1.18049726017e-30 1807.99226555 -2.89349055773e-33 2126.00017461 3.24740057803e-52 1380.00124948 3.30400547172e-27 563.994995351
10.0334448161 8756.99970938 1.16760660294e-52 7568.00036394 4.87180844219e-29 7248.00124777 6.69732548029e-97 5847.00170483 3.11110624022e-66 4627.00193361 -5.800283228e-21 4419.00635549 1.17557540669e-30 1807.99226555 -2.88142405906e-33 2126.00017461 3.23386198159e-52 1380.00124948 3.29023078754e-27 563.994995351
10.1003344482 8756.99970938 1.16271825308e-52 7568.00036394 4.85141484382e-29 7248.00124777 6.66928595846e-97 5847.00170483 3.09808113738e-66 4627.00193361 -5.77600659764e-21 4419.00635549 1.17065355321e-30 1807.99226555 -2.86935756039e-33 2126.00017461 3.22032338515e-52 1380.00124948 3.27645610336e-27 563.994995351
10.1672240803 8756.99970938 1.15782990323e-52 7568.00036394 4.83102124545e-29 7248.00124777 6.64124643663e-97 5847.00170483 3.08505603454e-66 4627.00193361 -5.75172996728e-21 4419.00635549 1.16573169972e-30 1807.99226555 -2.85729106172e-33 2126.00017461 3.20678478871e-52 1380.00124948 3.26268141918e-27 563.994995351
10.2341137124 8756.99970938 1.15294155337e-52 7568.00036394 4.81062764708e-29 7248.00124777 6.6132069148e-97 5847.00170483 3.0720309317e-66 4627.00193361 -5.72745333692e-21 4419.00635549 1.16080984624e-30 1807.99226555 -2.84522456306e-33 2126.00017461 3.19324619227e-52 1380.00124948 3.248906735e-27 563.994995351
10.3010033445 8756.99970938 1.14805320352e-52 7568.00036394 4.79023404871e-29 7248.00124777 6.58516739297e-97 5847.00170483 3.05900582885e-66 4627.00193361 -5.70317670656e-21 4419.00635549 1.15588799275e-30 1807.99226555 -2.83315806439e-33 2126.00017461 3.17970759584e-52 1380.00124948 3.23513205082e-27 563.994995351
10.3678929766 8756.99970938 1.14316485366e-52 7568.00036394 4.76984045034e-29 7248.00124777 6.55712787114e-97 5847.00170483 3.04598072601e-66 4627.00193361 -5.6789000762e-21 4419.00635549 1.15096613927e-30 1807.99226555 -2.82109156572e-33 2126.00017461 3.1661689994e-52 1380.00124948 3.22135736664e-27 563.994995351
10.4347826087 8756.99970938 1.13827650381e-52 7568.00036394 4.74944685197e-29 7248.00124777 6.52908834931e-97 5847.00170483 3.03295562317e-66 4627.00193361 -5.65462344584e-21 4419.00635549 1.14604428579e-30 1807.99226555 -2.80902506705e-33 2126.00017461 3.15263040296e-52 1380.00124948 3.20758268247e-27 563.994995351
10.5016722408 8756.99970938 1.13338815395e-52 7568.00036394 4.7290532536e-29 7248.00124777 6.50104882748e-97 5847.00170483 3.01993052033e-66 4627.00193361 -5.63034681548e-21 4419.00635549 1.1411224323e-30 1807.99226555 -2.79695856838e-33 2126.00017461 3.13909180652e-52 1380.00124948 3.19380799829e-27 563.994995351
10.5685618729 8756.99970938 1.1284998041e-52 7568.00036394 4.70865965523e-29 7248.00124777 6.47300930566e-97 5847.00170483 3.00690541749e-66 4627.00193361 -5.60607018512e-21 4419.00635549 1.13620057882e-30 1807.99226555 -2.78489206972e-33 2126.00017461 3.12555321008e-52 1380.00124948 3.18003331411e-27 563.994995351
10.635451505 8756.99970938 1.12361145424e-52 7568.00036394 4.68826605686e-29 7248.00124777 6.44496978383e-97 5847.00170483 2.99388031465e-66 4627.00193361 -5.58179355476e-21 4419.00635549 1.13127872533e-30 1807.99226555 -2.77282557105e-33 2126.00017461 3.11201461364e-52 1380.00124948 3.16625862993e-27 563.994995351
10.7023411371 8756.99970938 1.11872310439e-52 7568.00036394 4.6678724585e-29 7248.00124777 6.416930262e-97 5847.00170483 2.98085521181e-66 4627.00193361 -5.5575169244e-21 4419.00635549 1.12635687185e-30 1807.99226555 -2.76075907238e-33 2126.00017461 3.09847601721e-52 1380.00124948 3.15248394575e-27 563.994995351
10.7692307692 8756.99970938 1.11383475453e-52 7568.00036394 4.64747886013e-29 7248.00124777 6.38889074017e-97 5847.00170483 2.96783010897e-66 4627.00193361 -5.53324029404e-21 4419.00635549 1.12143501837e-30 1807.99226555 -2.74869257371e-33 2126.00017461 3.08493742077e-52 1380.00124948 3.13870926157e-27 563.994995351
10.8361204013 8756.99970938 1.10894640468e-52 7568.00036394 4.62708526176e-29 7248.00124777 6.36085121834e-97 5847.00170483 2.95480500612e-66 4627.00193361 -5.50896366368e-21 4419.00635549 1.11651316488e-30 1807.99226555 -2.73662607504e-33 2126.00017461 3.07139882433e-52 1380.00124948 3.12493457739e-27 563.994995351
10.9030100334 8756.99970938 1.10405805482e-52 7568.00036394 4.60669166339e-29 7248.00124777 6.33281169651e-97 5847.00170483 2.94177990328e-66 4627.00193361 -5.48468703332e-21 4419.00635549 1.1115913114e-30 1807.99226555 -2.72455957637e-33 2126.00017461 3.05786022789e-52 1380.00124948 3.11115989321e-27 563.994995351
10.9698996656 8756.99970938 1.09916970497e-52 7568.00036394 4.58629806502e-29 7248.00124777 6.30477217468e-97 5847.00170483 2.92875480044e-66 4627.00193361 -5.46041040296e-21 4419.00635549 1.10666945791e-30 1807.99226555 -2.71249307771e-33 2126.00017461 3.04432163145e-52 1380.00124948 3.09738520903e-27 563.994995351
11.0367892977 8756.99970938 1.09428135511e-52 7568.00036394 4.56590446665e-29 7248.00124777 6.27673265285e-97 5847.00170483 2.9157296976e-66 4627.00193361 -5.4361337726e-21 4419.00635549 1.10174760443e-30 1807.99226555 -2.70042657904e-33 2126.00017461 3.03078303501e-52 1380.00124948 3.08361052485e-27 563.994995351
11.1036789298 8756.99970938 1.08939300526e-52 7568.00036394 4.54551086828e-29 7248.00124777 6.24869313102e-97 5847.00170483 2.90270459476e-66 4627.00193361 -5.41185714224e-21 4419.00635549 1.09682575095e-30 1807.99226555 -2.68836008037e-33 2126.00017461 3.01724443857e-52 1380.00124948 3.06983584067e-27 563.994995351
11.1705685619 8756.99970938 1.0845046554e-52 7568.00036394 4.52511726991e-29 7248.00124777 6.22065360919e-97 5847.00170483 2.88967949192e-66 4627.00193361 -5.38758051188e-21 4419.00635549 1.09190389746e-30 1807.99226555 -2.6762935817e-33 2126.00017461 3.00370584214e-52 1380.00124948 3.05606115649e-27 563.994995351
11.237458194 8756.99970938 1.07961630555e-52 7568.00036394 4.50472367154e-29 7248.00124777 6.19261408736e-97 5847.00170483 2.87665438908e-66 4627.00193361 -5.36330388152e-21 4419.00635549 1.08698204398e-30 1807.99226555 -2.66422708303e-33 2126.00017461 2.9901672457e-52 1380.00124948 3.04228647231e-27 563.994995351
11.3043478261 8756.99970938 1.07472795569e-52 7568.00036394 4.48433007317e-29 7248.00124777 6.16457456554e-97 5847.00170483 2.86362928623e-66 4627.00193361 -5.33902725116e-21 4419.00635549 1.08206019049e-30 1807.99226555 -2.65216058437e-33 2126.00017461 2.97662864926e-52 1380.00124948 3.02851178814e-27 563.994995351
11.3712374582 8756.99970938 1.06983960584e-52 7568.00036394 4.4639364748e-29 7248.00124777 6.13653504371e-97 5847.00170483 2.85060418339e-66 4627.00193361 -5.3147506208e-21 4419.00635549 1.07713833701e-30 1807.99226555 -2.6400940857e-33 2126.00017461 2.96309005282e-52 1380.00124948 3.01473710396e-27 563.994995351
11.4381270903 8756.99970938 1.06495125598e-52 7568.00036394 4.44354287643e-29 7248.00124777 6.10849552188e-97 5847.00170483 2.83757908055e-66 4627.00193361 -5.29047399044e-21 4419.00635549 1.07221648353e-30 1807.99226555 -2.62802758703e-33 2126.00017461 2.94955145638e-52 1380.00124948 3.00096241978e-27 563.994995351
11.5050167224 8756.99970938 1.06006290613e-52 7568.00036394 4.42314927806e-29 7248.00124777 6.08045600005e-97 5847.00170483 2.82455397771e-66 4627.00193361 -5.26619736008e-21 4419.00635549 1.06729463004e-30 1807.99226555 -2.61596108836e-33 2126.00017461 2.93601285994e-52 1380.00124948 2.9871877356e-27 563.994995351
11.5719063545 8756.99970938 1.05517455627e-52 7568.00036394 4.40275567969e-29 7248.00124777 6.05241647822e-97 5847.00170483 2.81152887487e-66 4627.00193361 -5.24192072972e-21 4419.00635549 1.06237277656e-30 1807.99226555 -2.60389458969e-33 2126.00017461 2.9224742635e-52 1380.00124948 2.97341305142e-27 563.994995351
11.6387959866 8756.99970938 1.05028620642e-52 7568.00036394 4.38236208132e-29 7248.00124777 6.02437695639e-97 5847.00170483 2.79850377203e-66 4627.00193361 -5.21764409936e-21 4419.00635549 1.05745092307e-30 1807.99226555 -2.59182809103e-33 2126.00017461 2.90893566707e-52 1380.00124948 2.95963836724e-27 563.994995351
11.7056856187 8756.99970938 1.04539785656e-52 7568.00036394 4.36196848295e-29 7248.00124777 5.99633743456e-97 5847.00170483 2.78547866919e-66 4627.00193361 -5.193367469e-21 4419.00635549 1.05252906959e-30 1807.99226555 -2.57976159236e-33 2126.00017461 2.89539707063e-52 1380.00124948 2.94586368306e-27 563.994995351
11.7725752508 8756.99970938 1.04050950671e-52 7568.00036394 4.34157488459e-29 7248.00124777 5.96829791273e-97 5847.00170483 2.77245356635e-66 4627.00193361 -5.16909083864e-21 4419.00635549 1.04760721611e-30 1807.99226555 -2.56769509369e-33 2126.00017461 2.88185847419e-52 1380.00124948 2.93208899888e-27 563.994995351
11.8394648829 8756.99970938 1.03562115685e-52 7568.00036394 4.32118128622e-29 7248.00124777 5.9402583909e-97 5847.00170483 2.7594284635e-66 4627.00193361 -5.14481420828e-21 4419.00635549 1.04268536262e-30 1807.99226555 -2.55562859502e-33 2126.00017461 2.86831987775e-52 1380.00124948 2.9183143147e-27 563.994995351
11.9063545151 8756.99970938 1.03073280699e-52 7568.00036394 4.30078768785e-29 7248.00124777 5.91221886907e-97 5847.00170483 2.74640336066e-66 4627.00193361 -5.12053757792e-21 4419.00635549 1.03776350914e-30 1807.99226555 -2.54356209635e-33 2126.00017461 2.85478128131e-52 1380.00124948 2.90453963052e-27 563.994995351
11.9732441472 8756.99970938 1.02584445714e-52 7568.00036394 4.28039408948e-29 7248.00124777 5.88417934725e-97 5847.00170483 2.73337825782e-66 4627.00193361 -5.09626094755e-21 4419.00635549 1.03284165565e-30 1807.99226555 -2.53149559769e-33 2126.00017461 2.84124268487e-52 1380.00124948 2.89076494634e-27 563.994995351
12.0401337793 8756.99970938 1.02095610728e-52 7568.00036394 4.26000049111e-29 7248.00124777 5.85613982542e-97 5847.00170483 2.72035315498e-66 4627.00193361 -5.07198431719e-21 4419.00635549 1.02791980217e-30 1807.99226555 -2.51942909902e-33 2126.00017461 2.82770408844e-52 1380.00124948 2.87699026216e-27 563.994995351
12.1070234114 8756.99970938 1.01606775743e-52 7568.00036394 4.23960689274e-29 7248.00124777 5.82810030359e-97 5847.00170483 2.70732805214e-66 4627.00193361 -5.04770768683e-21 4419.00635549 1.02299794869e-30 1807.99226555 -2.50736260035e-33 2126.00017461 2.814165492e-52 1380.00124948 2.86321557799e-27 563.994995351
12.1739130435 8756.99970938 1.01117940757e-52 7568.00036394 4.21921329437e-29 7248.00124777 5.80006078176e-97 5847.00170483 2.6943029493e-66 4627.00193361 -5.02343105647e-21 4419.00635549 1.0180760952e-30 1807.99226555 -2.49529610168e-33 2126.00017461 2.80062689556e-52 1380.00124948 2.84944089381e-27 563.994995351
12.2408026756 8756.99970938 1.00629105772e-52 7568.00036394 4.198819696e-29 7248.00124777 5.77202125993e-97 5847.00170483 2.68127784646e-66 4627.00193361 -4.99915442611e-21 4419.00635549 1.01315424172e-30 1807.99226555 -2.48322960301e-33 2126.00017461 2.78708829912e-52 1380.00124948 2.83566620963e-27 563.994995351
12.3076923077 8756.99970938 1.00140270786e-52 7568.00036394 4.17842609763e-29 7248.00124777 5.7439817381e-97 5847.00170483 2.66825274362e-66 4627.00193361 -4.97487779575e-21 4419.00635549 1.00823238823e-30 1807.99226555 -2.47116310435e-33 2126.00017461 2.77354970268e-52 1380.00124948 2.82189152545e-27 563.994995351
12.3745819398 8756.99970938 9.96514358009e-53 7568.00036394 4.15803249926e-29 7248.00124777 5.71594221627e-97 5847.00170483 2.65522764077e-66 4627.00193361 -4.95060116539e-21 4419.00635549 1.00331053475e-30 1807.99226555 -2.45909660568e-33 2126.00017461 2.76001110624e-52 1380.00124948 2.80811684127e-27 563.994995351
12.4414715719 8756.99970938 9.91626008154e-53 7568.00036394 4.13763890089e-29 7248.00124777 5.68790269444e-97 5847.00170483 2.64220253793e-66 4627.00193361 -4.92632453503e-21 4419.00635549 9.98388681267e-31 1807.99226555 -2.44703010701e-33 2126.00017461 2.7464725098e-52 1380.00124948 2.79434215709e-27 563.994995351
12.508361204 8756.99970938 9.86737658299e-53 7568.00036394 4.11724530252e-29 7248.00124777 5.65986317261e-97 5847.00170483 2.62917743509e-66 4627.00193361 -4.90204790467e-21 4419.00635549 9.93466827783e-31 1807.99226555 -2.43496360834e-33 2126.00017461 2.73293391337e-52 1380.00124948 2.78056747291e-27 563.994995351
12.5752508361 8756.99970938 9.81849308444e-53 7568.00036394 4.09685170415e-29 7248.00124777 5.63182365078e-97 5847.00170483 2.61615233225e-66 4627.00193361 -4.87777127431e-21 4419.00635549 9.88544974299e-31 1807.99226555 -2.42289710967e-33 2126.00017461 2.71939531693e-52 1380.00124948 2.76679278873e-27 563.994995351
12.6421404682 8756.99970938 9.76960958589e-53 7568.00036394 4.07645810578e-29 7248.00124777 5.60378412895e-97 5847.00170483 2.60312722941e-66 4627.00193361 -4.85349464395e-21 4419.00635549 9.83623120815e-31 1807.99226555 -2.41083061101e-33 2126.00017461 2.70585672049e-52 1380.00124948 2.75301810455e-27 563.994995351
12.7090301003 8756.99970938 9.72072608734e-53 7568.00036394 4.05606450741e-29 7248.00124777 5.57574460713e-97 5847.00170483 2.59010212657e-66 4627.00193361 -4.82921801359e-21 4419.00635549 9.78701267331e-31 1807.99226555 -2.39876411234e-33 2126.00017461 2.69231812405e-52 1380.00124948 2.73924342037e-27 563.994995351
12.7759197324 8756.99970938 9.67184258879e-53 7568.00036394 4.03567090904e-29 7248.00124777 5.5477050853e-97 5847.00170483 2.57707702373e-66 4627.00193361 -4.80494138323e-21 4419.00635549 9.73779413847e-31 1807.99226555 -2.38669761367e-33 2126.00017461 2.67877952761e-52 1380.00124948 2.72546873619e-27 563.994995351
12.8428093645 8756.99970938 9.62295909024e-53 7568.00036394 4.01527731068e-29 7248.00124777 5.51966556347e-97 5847.00170483 2.56405192088e-66 4627.00193361 -4.78066475287e-21 4419.00635549 9.68857560363e-31 1807.99226555 -2.374631115e-33 2126.00017461 2.66524093117e-52 1380.00124948 2.71169405201e-27 563.994995351
12.9096989967 8756.99970938 9.57407559169e-53 7568.00036394 3.99488371231e-29 7248.00124777 5.49162604164e-97 5847.00170483 2.55102681804e-66 4627.00193361 -4.75638812251e-21 4419.00635549 9.63935706879e-31 1807.99226555 -2.36256461633e-33 2126.00017461 2.65170233474e-52 1380.00124948 2.69791936783e-27 563.994995351
12.9765886288 8756.99970938 9.52519209314e-53 7568.00036394 3.97449011394e-29 7248.00124777 5.46358651981e-97 5847.00170483 2.5380017152e-66 4627.00193361 -4.73211149215e-21 4419.00635549 9.59013853395e-31 1807.99226555 -2.35049811767e-33 2126.00017461 2.6381637383e-52 1380.00124948 2.68414468366e-27 563.994995351
13.0434782609 8756.99970938 9.47630859459e-53 7568.00036394 3.95409651557e-29 7248.00124777 5.43554699798e-97 5847.00170483 2.52497661236e-66 4627.00193361 -4.70783486179e-21 4419.00635549 9.54091999911e-31 1807.99226555 -2.338431619e-33 2126.00017461 2.62462514186e-52 1380.00124948 2.67036999948e-27 563.994995351
13.110367893 8756.99970938 9.42742509604e-53 7568.00036394 3.9337029172e-29 7248.00124777 5.40750747615e-97 5847.00170483 2.51195150952e-66 4627.00193361 -4.68355823143e-21 4419.00635549 9.49170146427e-31 1807.99226555 -2.32636512033e-33 2126.00017461 2.61108654542e-52 1380.00124948 2.6565953153e-27 563.994995351
13.1772575251 8756.99970938 9.37854159748e-53 7568.00036394 3.91330931883e-29 7248.00124777 5.37946795432e-97 5847.00170483 2.49892640668e-66 4627.00193361 -4.65928160107e-21 4419.00635549 9.44248292943e-31 1807.99226555 -2.31429862166e-33 2126.00017461 2.59754794898e-52 1380.00124948 2.64282063112e-27 563.994995351
13.2441471572 8756.99970938 9.32965809893e-53 7568.00036394 3.89291572046e-29 7248.00124777 5.35142843249e-97 5847.00170483 2.48590130384e-66 4627.00193361 -4.63500497071e-21 4419.00635549 9.39326439459e-31 1807.99226555 -2.30223212299e-33 2126.00017461 2.58400935254e-52 1380.00124948 2.62904594694e-27 563.994995351
13.3110367893 8756.99970938 9.28077460038e-53 7568.00036394 3.87252212209e-29 7248.00124777 5.32338891066e-97 5847.00170483 2.472876201e-66 4627.00193361 -4.61072834035e-21 4419.00635549 9.34404585975e-31 1807.99226555 -2.29016562432e-33 2126.00017461 2.5704707561e-52 1380.00124948 2.61527126276e-27 563.994995351
13.3779264214 8756.99970938 9.23189110183e-53 7568.00036394 3.85212852372e-29 7248.00124777 5.29534938883e-97 5847.00170483 2.45985109815e-66 4627.00193361 -4.58645170999e-21 4419.00635549 9.29482732491e-31 1807.99226555 -2.27809912566e-33 2126.00017461 2.55693215967e-52 1380.00124948 2.60149657858e-27 563.994995351
13.4448160535 8756.99970938 9.18300760328e-53 7568.00036394 3.83173492535e-29 7248.00124777 5.26730986701e-97 5847.00170483 2.44682599531e-66 4627.00193361 -4.56217507963e-21 4419.00635549 9.24560879007e-31 1807.99226555 -2.26603262699e-33 2126.00017461 2.54339356323e-52 1380.00124948 2.5877218944e-27 563.994995351
13.5117056856 8756.99970938 9.13412410473e-53 7568.00036394 3.81134132698e-29 7248.00124777 5.23927034518e-97 5847.00170483 2.43380089247e-66 4627.00193361 -4.53789844927e-21 4419.00635549 9.19639025523e-31 1807.99226555 -2.25396612832e-33 2126.00017461 2.52985496679e-52 1380.00124948 2.57394721022e-27 563.994995351
13.5785953177 8756.99970938 9.08524060618e-53 7568.00036394 3.79094772861e-29 7248.00124777 5.21123082335e-97 5847.00170483 2.42077578963e-66 4627.00193361 -4.51362181891e-21 4419.00635549 9.14717172039e-31 1807.99226555 -2.24189962965e-33 2126.00017461 2.51631637035e-52 1380.00124948 2.56017252604e-27 563.994995351
13.6454849498 8756.99970938 9.03635710763e-53 7568.00036394 3.77055413024e-29 7248.00124777 5.18319130152e-97 5847.00170483 2.40775068679e-66 4627.00193361 -4.48934518855e-21 4419.00635549 9.09795318554e-31 1807.99226555 -2.22983313098e-33 2126.00017461 2.50277777391e-52 1380.00124948 2.54639784186e-27 563.994995351
13.7123745819 8756.99970938 8.98747360908e-53 7568.00036394 3.75016053187e-29 7248.00124777 5.15515177969e-97 5847.00170483 2.39472558395e-66 4627.00193361 -4.46506855819e-21 4419.00635549 9.0487346507e-31 1807.99226555 -2.21776663232e-33 2126.00017461 2.48923917747e-52 1380.00124948 2.53262315768e-27 563.994995351
13.779264214 8756.99970938 8.93859011053e-53 7568.00036394 3.7297669335e-29 7248.00124777 5.12711225786e-97 5847.00170483 2.38170048111e-66 4627.00193361 -4.44079192783e-21 4419.00635549 8.99951611586e-31 1807.99226555 -2.20570013365e-33 2126.00017461 2.47570058103e-52 1380.00124948 2.51884847351e-27 563.994995351
13.8461538462 8756.99970938 8.88970661198e-53 7568.00036394 3.70937333513e-29 7248.00124777 5.09907273603e-97 5847.00170483 2.36867537827e-66 4627.00193361 -4.41651529747e-21 4419.00635549 8.95029758102e-31 1807.99226555 -2.19363363498e-33 2126.00017461 2.4621619846e-52 1380.00124948 2.50507378933e-27 563.994995351
13.9130434783 8756.99970938 8.84082311343e-53 7568.00036394 3.68897973677e-29 7248.00124777 5.0710332142e-97 5847.00170483 2.35565027542e-66 4627.00193361 -4.3922386671e-21 4419.00635549 8.90107904618e-31 1807.99226555 -2.18156713631e-33 2126.00017461 2.44862338816e-52 1380.00124948 2.49129910515e-27 563.994995351
13.9799331104 8756.99970938 8.79193961488e-53 7568.00036394 3.6685861384e-29 7248.00124777 5.04299369237e-97 5847.00170483 2.34262517258e-66 4627.00193361 -4.36796203674e-21 4419.00635549 8.85186051134e-31 1807.99226555 -2.16950063764e-33 2126.00017461 2.43508479172e-52 1380.00124948 2.47752442097e-27 563.994995351
14.0468227425 8756.99970938 8.74305611633e-53 7568.00036394 3.64819254003e-29 7248.00124777 5.01495417054e-97 5847.00170483 2.32960006974e-66 4627.00193361 -4.34368540638e-21 4419.00635549 8.8026419765e-31 1807.99226555 -2.15743413898e-33 2126.00017461 2.42154619528e-52 1380.00124948 2.46374973679e-27 563.994995351
14.1137123746 8756.99970938 8.69417261777e-53 7568.00036394 3.62779894166e-29 7248.00124777 4.98691464872e-97 5847.00170483 2.3165749669e-66 4627.00193361 -4.31940877602e-21 4419.00635549 8.75342344166e-31 1807.99226555 -2.14536764031e-33 2126.00017461 2.40800759884e-52 1380.00124948 2.44997505261e-27 563.994995351
14.1806020067 8756.99970938 8.64528911922e-53 7568.00036394 3.60740534329e-29 7248.00124777 4.95887512689e-97 5847.00170483 2.30354986406e-66 4627.00193361 -4.29513214566e-21 4419.00635549 8.70420490682e-31 1807.99226555 -2.13330114164e-33 2126.00017461 2.3944690024e-52 1380.00124948 2.43620036843e-27 563.994995351
14.2474916388 8756.99970938 8.59640562067e-53 7568.00036394 3.58701174492e-29 7248.00124777 4.93083560506e-97 5847.00170483 2.29052476122e-66 4627.00193361 -4.2708555153e-21 4419.00635549 8.65498637198e-31 1807.99226555 -2.12123464297e-33 2126.00017461 2.38093040597e-52 1380.00124948 2.42242568425e-27 563.994995351
14.3143812709 8756.99970938 8.54752212212e-53 7568.00036394 3.56661814655e-29 7248.00124777 4.90279608323e-97 5847.00170483 2.27749965838e-66 4627.00193361 -4.24657888494e-21 4419.00635549 8.60576783714e-31 1807.99226555 -2.1091681443e-33 2126.00017461 2.36739180953e-52 1380.00124948 2.40865100007e-27 563.994995351
14.381270903 8756.99970938 8.49863862357e-53 7568.00036394 3.54622454818e-29 7248.00124777 4.8747565614e-97 5847.00170483 2.26447455553e-66 4627.00193361 -4.22230225458e-21 4419.00635549 8.5565493023e-31 1807.99226555 -2.09710164564e-33 2126.00017461 2.35385321309e-52 1380.00124948 2.39487631589e-27 563.994995351
14.4481605351 8756.99970938 8.44975512502e-53 7568.00036394 3.52583094981e-29 7248.00124777 4.84671703957e-97 5847.00170483 2.25144945269e-66 4627.00193361 -4.19802562422e-21 4419.00635549 8.50733076746e-31 1807.99226555 -2.08503514697e-33 2126.00017461 2.34031461665e-52 1380.00124948 2.38110163171e-27 563.994995351
14.5150501672 8756.99970938 8.40087162647e-53 7568.00036394 3.50543735144e-29 7248.00124777 4.81867751774e-97 5847.00170483 2.23842434985e-66 4627.00193361 -4.17374899386e-21 4419.00635549 8.45811223262e-31 1807.99226555 -2.0729686483e-33 2126.00017461 2.32677602021e-52 1380.00124948 2.36732694753e-27 563.994995351
14.5819397993 8756.99970938 8.35198812792e-53 7568.00036394 3.48504375307e-29 7248.00124777 4.79063799591e-97 5847.00170483 2.22539924701e-66 4627.00193361 -4.1494723635e-21 4419.00635549 8.40889369778e-31 1807.99226555 -2.06090214963e-33 2126.00017461 2.31323742377e-52 1380.00124948 2.35355226336e-27 563.994995351
14.6488294314 8756.99970938 8.30310462937e-53 7568.00036394 3.4646501547e-29 7248.00124777 4.76259847408e-97 5847.00170483 2.21237414417e-66 4627.00193361 -4.12519573314e-21 4419.00635549 8.35967516294e-31 1807.99226555 -2.04883565096e-33 2126.00017461 2.29969882733e-52 1380.00124948 2.33977757918e-27 563.994995351
14.7157190635 8756.99970938 8.25422113082e-53 7568.00036394 3.44425655633e-29 7248.00124777 4.73455895225e-97 5847.00170483 2.19934904133e-66 4627.00193361 -4.10091910278e-21 4419.00635549 8.3104566281e-31 1807.99226555 -2.0367691523e-33 2126.00017461 2.2861602309e-52 1380.00124948 2.326002895e-27 563.994995351
14.7826086957 8756.99970938 8.20533763227e-53 7568.00036394 3.42386295796e-29 7248.00124777 4.70651943042e-97 5847.00170483 2.18632393849e-66 4627.00193361 -4.07664247242e-21 4419.00635549 8.26123809326e-31 1807.99226555 -2.02470265363e-33 2126.00017461 2.27262163446e-52 1380.00124948 2.31222821082e-27 563.994995351
14.8494983278 8756.99970938 8.15645413372e-53 7568.00036394 3.40346935959e-29 7248.00124777 4.6784799086e-97 5847.00170483 2.17329883565e-66 4627.00193361 -4.05236584206e-21 4419.00635549 8.21201955842e-31 1807.99226555 -2.01263615496e-33 2126.00017461 2.25908303802e-52 1380.00124948 2.29845352664e-27 563.994995351
14.9163879599 8756.99970938 8.10757063517e-53 7568.00036394 3.38307576122e-29 7248.00124777 4.65044038677e-97 5847.00170483 2.1602737328e-66 4627.00193361 -4.0280892117e-21 4419.00635549 8.16280102358e-31 1807.99226555 -2.00056965629e-33 2126.00017461 2.24554444158e-52 1380.00124948 2.28467884246e-27 563.994995351
14.983277592 8756.99970938 8.05868713662e-53 7568.00036394 3.36268216286e-29 7248.00124777 4.62240086494e-97 5847.00170483 2.14724862996e-66 4627.00193361 -4.00381258134e-21 4419.00635549 8.11358248874e-31 1807.99226555 -1.98850315762e-33 2126.00017461 2.23200584514e-52 1380.00124948 2.27090415828e-27 563.994995351
15.0501672241 8756.99970938 8.00980363806e-53 7568.00036394 3.34228856449e-29 7248.00124777 4.59436134311e-97 5847.00170483 2.13422352712e-66 4627.00193361 -3.97953595098e-21 4419.00635549 8.0643639539e-31 1807.99226555 -1.97643665896e-33 2126.00017461 2.2184672487e-52 1380.00124948 2.2571294741e-27 563.994995351
15.1170568562 8756.99970938 7.96092013951e-53 7568.00036394 3.32189496612e-29 7248.00124777 4.56632182128e-97 5847.00170483 2.12119842428e-66 4627.00193361 -3.95525932062e-21 4419.00635549 8.01514541906e-31 1807.99226555 -1.96437016029e-33 2126.00017461 2.20492865227e-52 1380.00124948 2.24335478992e-27 563.994995351
15.1839464883 8756.99970938 7.91203664096e-53 7568.00036394 3.30150136775e-29 7248.00124777 4.53828229945e-97 5847.00170483 2.10817332144e-66 4627.00193361 -3.93098269026e-21 4419.00635549 7.96592688422e-31 1807.99226555 -1.95230366162e-33 2126.00017461 2.19139005583e-52 1380.00124948 2.22958010574e-27 563.994995351
15.2508361204 8756.99970938 7.86315314241e-53 7568.00036394 3.28110776938e-29 7248.00124777 4.51024277762e-97 5847.00170483 2.0951482186e-66 4627.00193361 -3.9067060599e-21 4419.00635549 7.91670834938e-31 1807.99226555 -1.94023716295e-33 2126.00017461 2.17785145939e-52 1380.00124948 2.21580542156e-27 563.994995351
15.3177257525 8756.99970938 7.81426964386e-53 7568.00036394 3.26071417101e-29 7248.00124777 4.48220325579e-97 5847.00170483 2.08212311576e-66 4627.00193361 -3.88242942954e-21 4419.00635549 7.86748981454e-31 1807.99226555 -1.92817066428e-33 2126.00017461 2.16431286295e-52 1380.00124948 2.20203073738e-27 563.994995351
15.3846153846 8756.99970938 7.76538614531e-53 7568.00036394 3.24032057264e-29 7248.00124777 4.45416373396e-97 5847.00170483 2.06909801292e-66 4627.00193361 -3.85815279918e-21 4419.00635549 7.8182712797e-31 1807.99226555 -1.91610416562e-33 2126.00017461 2.15077426651e-52 1380.00124948 2.1882560532e-27 563.994995351
15.4515050167 8756.99970938 7.71650264676e-53 7568.00036394 3.21992697427e-29 7248.00124777 4.42612421213e-97 5847.00170483 2.05607291007e-66 4627.00193361 -3.83387616882e-21 4419.00635549 7.76905274486e-31 1807.99226555 -1.90403766695e-33 2126.00017461 2.13723567007e-52 1380.00124948 2.17448136903e-27 563.994995351
15.5183946488 8756.99970938 7.66761914821e-53 7568.00036394 3.1995333759e-29 7248.00124777 4.3980846903e-97 5847.00170483 2.04304780723e-66 4627.00193361 -3.80959953846e-21 4419.00635549 7.71983421002e-31 1807.99226555 -1.89197116828e-33 2126.00017461 2.12369707363e-52 1380.00124948 2.16070668485e-27 563.994995351
15.5852842809 8756.99970938 7.61873564966e-53 7568.00036394 3.17913977753e-29 7248.00124777 4.37004516848e-97 5847.00170483 2.03002270439e-66 4627.00193361 -3.7853229081e-21 4419.00635549 7.67061567518e-31 1807.99226555 -1.87990466961e-33 2126.00017461 2.1101584772e-52 1380.00124948 2.14693200067e-27 563.994995351
15.652173913 8756.99970938 7.56985215111e-53 7568.00036394 3.15874617916e-29 7248.00124777 4.34200564665e-97 5847.00170483 2.01699760155e-66 4627.00193361 -3.76104627774e-21 4419.00635549 7.62139714034e-31 1807.99226555 -1.86783817094e-33 2126.00017461 2.09661988076e-52 1380.00124948 2.13315731649e-27 563.994995351
15.7190635452 8756.99970938 7.52096865256e-53 7568.00036394 3.13835258079e-29 7248.00124777 4.31396612482e-97 5847.00170483 2.00397249871e-66 4627.00193361 -3.73676964738e-21 4419.00635549 7.5721786055e-31 1807.99226555 -1.85577167227e-33 2126.00017461 2.08308128432e-52 1380.00124948 2.11938263231e-27 563.994995351
15.7859531773 8756.99970938 7.47208515401e-53 7568.00036394 3.11795898242e-29 7248.00124777 4.28592660299e-97 5847.00170483 1.99094739587e-66 4627.00193361 -3.71249301701e-21 4419.00635549 7.52296007066e-31 1807.99226555 -1.84370517361e-33 2126.00017461 2.06954268788e-52 1380.00124948 2.10560794813e-27 563.994995351
15.8528428094 8756.99970938 7.42320165546e-53 7568.00036394 3.09756538405e-29 7248.00124777 4.25788708116e-97 5847.00170483 1.97792229303e-66 4627.00193361 -3.68821638665e-21 4419.00635549 7.47374153582e-31 1807.99226555 -1.83163867494e-33 2126.00017461 2.05600409144e-52 1380.00124948 2.09183326395e-27 563.994995351
15.9197324415 8756.99970938 7.3743181569e-53 7568.00036394 3.07717178568e-29 7248.00124777 4.22984755933e-97 5847.00170483 1.96489719018e-66 4627.00193361 -3.66393975629e-21 4419.00635549 7.42452300098e-31 1807.99226555 -1.81957217627e-33 2126.00017461 2.042465495e-52 1380.00124948 2.07805857977e-27 563.994995351
15.9866220736 8756.99970938 7.32543465835e-53 7568.00036394 3.05677818731e-29 7248.00124777 4.2018080375e-97 5847.00170483 1.95187208734e-66 4627.00193361 -3.63966312593e-21 4419.00635549 7.37530446614e-31 1807.99226555 -1.8075056776e-33 2126.00017461 2.02892689856e-52 1380.00124948 2.06428389559e-27 563.994995351
16.0535117057 8756.99970938 7.2765511598e-53 7568.00036394 3.03638458895e-29 7248.00124777 4.17376851567e-97 5847.00170483 1.9388469845e-66 4627.00193361 -3.61538649557e-21 4419.00635549 7.3260859313e-31 1807.99226555 -1.79543917893e-33 2126.00017461 2.01538830213e-52 1380.00124948 2.05050921141e-27 563.994995351
16.1204013378 8756.99970938 7.22766766125e-53 7568.00036394 3.01599099058e-29 7248.00124777 4.14572899384e-97 5847.00170483 1.92582188166e-66 4627.00193361 -3.59110986521e-21 4419.00635549 7.27686739646e-31 1807.99226555 -1.78337268027e-33 2126.00017461 2.00184970569e-52 1380.00124948 2.03673452723e-27 563.994995351
16.1872909699 8756.99970938 7.1787841627e-53 7568.00036394 2.99559739221e-29 7248.00124777 4.11768947201e-97 5847.00170483 1.91279677882e-66 4627.00193361 -3.56683323485e-21 4419.00635549 7.22764886162e-31 1807.99226555 -1.7713061816e-33 2126.00017461 1.98831110925e-52 1380.00124948 2.02295984305e-27 563.994995351
16.254180602 8756.99970938 7.12990066415e-53 7568.00036394 2.97520379384e-29 7248.00124777 4.08964995019e-97 5847.00170483 1.89977167598e-66 4627.00193361 -3.54255660449e-21 4419.00635549 7.17843032678e-31 1807.99226555 -1.75923968293e-33 2126.00017461 1.97477251281e-52 1380.00124948 2.00918515888e-27 563.994995351
16.3210702341 8756.99970938 7.0810171656e-53 7568.00036394 2.95481019547e-29 7248.00124777 4.06161042836e-97 5847.00170483 1.88674657314e-66 4627.00193361 -3.51827997413e-21 4419.00635549 7.12921179194e-31 1807.99226555 -1.74717318426e-33 2126.00017461 1.96123391637e-52 1380.00124948 1.9954104747e-27 563.994995351
16.3879598662 8756.99970938 7.03213366705e-53 7568.00036394 2.9344165971e-29 7248.00124777 4.03357090653e-97 5847.00170483 1.8737214703e-66 4627.00193361 -3.49400334377e-21 4419.00635549 7.0799932571e-31 1807.99226555 -1.73510668559e-33 2126.00017461 1.94769531993e-52 1380.00124948 1.98163579052e-27 563.994995351
16.4548494983 8756.99970938 6.9832501685e-53 7568.00036394 2.91402299873e-29 7248.00124777 4.0055313847e-97 5847.00170483 1.86069636745e-66 4627.00193361 -3.46972671341e-21 4419.00635549 7.03077472226e-31 1807.99226555 -1.72304018693e-33 2126.00017461 1.9341567235e-52 1380.00124948 1.96786110634e-27 563.994995351
16.5217391304 8756.99970938 6.93436666995e-53 7568.00036394 2.89362940036e-29 7248.00124777 3.97749186287e-97 5847.00170483 1.84767126461e-66 4627.00193361 -3.44545008305e-21 4419.00635549 6.98155618742e-31 1807.99226555 -1.71097368826e-33 2126.00017461 1.92061812706e-52 1380.00124948 1.95408642216e-27 563.994995351
16.5886287625 8756.99970938 6.8854831714e-53 7568.00036394 2.87323580199e-29 7248.00124777 3.94945234104e-97 5847.00170483 1.83464616177e-66 4627.00193361 -3.42117345269e-21 4419.00635549 6.93233765258e-31 1807.99226555 -1.69890718959e-33 2126.00017461 1.90707953062e-52 1380.00124948 1.94031173798e-27 563.994995351
16.6555183946 8756.99970938 6.83659967285e-53 7568.00036394 2.85284220362e-29 7248.00124777 3.92141281921e-97 5847.00170483 1.82162105893e-66 4627.00193361 -3.39689682233e-21 4419.00635549 6.88311911774e-31 1807.99226555 -1.68684069092e-33 2126.00017461 1.89354093418e-52 1380.00124948 1.9265370538e-27 563.994995351
16.7224080268 8756.99970938 6.7877161743e-53 7568.00036394 2.83244860525e-29 7248.00124777 3.89337329738e-97 5847.00170483 1.80859595609e-66 4627.00193361 -3.37262019197e-21 4419.00635549 6.8339005829e-31 1807.99226555 -1.67477419225e-33 2126.00017461 1.88000233774e-52 1380.00124948 1.91276236962e-27 563.994995351
16.7892976589 8756.99970938 6.73883267575e-53 7568.00036394 2.81205500688e-29 7248.00124777 3.86533377555e-97 5847.00170483 1.79557085325e-66 4627.00193361 -3.34834356161e-21 4419.00635549 6.78468204806e-31 1807.99226555 -1.66270769359e-33 2126.00017461 1.8664637413e-52 1380.00124948 1.89898768544e-27 563.994995351
16.856187291 8756.99970938 6.68994917719e-53 7568.00036394 2.79166140851e-29 7248.00124777 3.83729425372e-97 5847.00170483 1.78254575041e-66 4627.00193361 -3.32406693125e-21 4419.00635549 6.73546351322e-31 1807.99226555 -1.65064119492e-33 2126.00017461 1.85292514486e-52 1380.00124948 1.88521300126e-27 563.994995351
16.9230769231 8756.99970938 6.64106567864e-53 7568.00036394 2.77126781014e-29 7248.00124777 3.80925473189e-97 5847.00170483 1.76952064757e-66 4627.00193361 -3.29979030089e-21 4419.00635549 6.68624497838e-31 1807.99226555 -1.63857469625e-33 2126.00017461 1.83938654843e-52 1380.00124948 1.87143831708e-27 563.994995351
16.9899665552 8756.99970938 6.59218218009e-53 7568.00036394 2.75087421177e-29 7248.00124777 3.78121521007e-97 5847.00170483 1.75649554472e-66 4627.00193361 -3.27551367053e-21 4419.00635549 6.63702644354e-31 1807.99226555 -1.62650819758e-33 2126.00017461 1.82584795199e-52 1380.00124948 1.8576636329e-27 563.994995351
17.0568561873 8756.99970938 6.54329868154e-53 7568.00036394 2.7304806134e-29 7248.00124777 3.75317568824e-97 5847.00170483 1.74347044188e-66 4627.00193361 -3.25123704017e-21 4419.00635549 6.5878079087e-31 1807.99226555 -1.61444169891e-33 2126.00017461 1.81230935555e-52 1380.00124948 1.84388894872e-27 563.994995351
17.1237458194 8756.99970938 6.49441518299e-53 7568.00036394 2.71008701504e-29 7248.00124777 3.72513616641e-97 5847.00170483 1.73044533904e-66 4627.00193361 -3.22696040981e-21 4419.00635549 6.53858937386e-31 1807.99226555 -1.60237520025e-33 2126.00017461 1.79877075911e-52 1380.00124948 1.83011426455e-27 563.994995351
17.1906354515 8756.99970938 6.44553168444e-53 7568.00036394 2.68969341667e-29 7248.00124777 3.69709664458e-97 5847.00170483 1.7174202362e-66 4627.00193361 -3.20268377945e-21 4419.00635549 6.48937083902e-31 1807.99226555 -1.59030870158e-33 2126.00017461 1.78523216267e-52 1380.00124948 1.81633958037e-27 563.994995351
17.2575250836 8756.99970938 6.39664818589e-53 7568.00036394 2.6692998183e-29 7248.00124777 3.66905712275e-97 5847.00170483 1.70439513336e-66 4627.00193361 -3.17840714909e-21 4419.00635549 6.44015230418e-31 1807.99226555 -1.57824220291e-33 2126.00017461 1.77169356623e-52 1380.00124948 1.80256489619e-27 563.994995351
17.3244147157 8756.99970938 6.34776468734e-53 7568.00036394 2.64890621993e-29 7248.00124777 3.64101760092e-97 5847.00170483 1.69137003052e-66 4627.00193361 -3.15413051873e-21 4419.00635549 6.39093376934e-31 1807.99226555 -1.56617570424e-33 2126.00017461 1.7581549698e-52 1380.00124948 1.78879021201e-27 563.994995351
17.3913043478 8756.99970938 6.29888118879e-53 7568.00036394 2.62851262156e-29 7248.00124777 3.61297807909e-97 5847.00170483 1.67834492768e-66 4627.00193361 -3.12985388837e-21 4419.00635549 6.3417152345e-31 1807.99226555 -1.55410920557e-33 2126.00017461 1.74461637336e-52 1380.00124948 1.77501552783e-27 563.994995351
17.4581939799 8756.99970938 6.24999769024e-53 7568.00036394 2.60811902319e-29 7248.00124777 3.58493855726e-97 5847.00170483 1.66531982483e-66 4627.00193361 -3.10557725801e-21 4419.00635549 6.29249669966e-31 1807.99226555 -1.54204270691e-33 2126.00017461 1.73107777692e-52 1380.00124948 1.76124084365e-27 563.994995351
17.525083612 8756.99970938 6.20111419169e-53 7568.00036394 2.58772542482e-29 7248.00124777 3.55689903543e-97 5847.00170483 1.65229472199e-66 4627.00193361 -3.08130062765e-21 4419.00635549 6.24327816482e-31 1807.99226555 -1.52997620824e-33 2126.00017461 1.71753918048e-52 1380.00124948 1.74746615947e-27 563.994995351
17.5919732441 8756.99970938 6.15223069314e-53 7568.00036394 2.56733182645e-29 7248.00124777 3.5288595136e-97 5847.00170483 1.63926961915e-66 4627.00193361 -3.05702399729e-21 4419.00635549 6.19405962998e-31 1807.99226555 -1.51790970957e-33 2126.00017461 1.70400058404e-52 1380.00124948 1.73369147529e-27 563.994995351
17.6588628763 8756.99970938 6.10334719459e-53 7568.00036394 2.54693822808e-29 7248.00124777 3.50081999177e-97 5847.00170483 1.62624451631e-66 4627.00193361 -3.03274736693e-21 4419.00635549 6.14484109514e-31 1807.99226555 -1.5058432109e-33 2126.00017461 1.6904619876e-52 1380.00124948 1.71991679111e-27 563.994995351
17.7257525084 8756.99970938 6.05446369604e-53 7568.00036394 2.52654462971e-29 7248.00124777 3.47278046995e-97 5847.00170483 1.61321941347e-66 4627.00193361 -3.00847073656e-21 4419.00635549 6.0956225603e-31 1807.99226555 -1.49377671223e-33 2126.00017461 1.67692339116e-52 1380.00124948 1.70614210693e-27 563.994995351
17.7926421405 8756.99970938 6.00558019748e-53 7568.00036394 2.50615103134e-29 7248.00124777 3.44474094812e-97 5847.00170483 1.60019431063e-66 4627.00193361 -2.9841941062e-21 4419.00635549 6.04640402546e-31 1807.99226555 -1.48171021357e-33 2126.00017461 1.66338479473e-52 1380.00124948 1.69236742275e-27 563.994995351
17.8595317726 8756.99970938 5.95669669893e-53 7568.00036394 2.48575743297e-29 7248.00124777 3.41670142629e-97 5847.00170483 1.58716920779e-66 4627.00193361 -2.95991747584e-21 4419.00635549 5.99718549062e-31 1807.99226555 -1.4696437149e-33 2126.00017461 1.64984619829e-52 1380.00124948 1.67859273857e-27 563.994995351
17.9264214047 8756.99970938 5.90781320038e-53 7568.00036394 2.4653638346e-29 7248.00124777 3.38866190446e-97 5847.00170483 1.57414410495e-66 4627.00193361 -2.93564084548e-21 4419.00635549 5.94796695578e-31 1807.99226555 -1.45757721623e-33 2126.00017461 1.63630760185e-52 1380.00124948 1.6648180544e-27 563.994995351
17.9933110368 8756.99970938 5.85892970183e-53 7568.00036394 2.44497023623e-29 7248.00124777 3.36062238263e-97 5847.00170483 1.5611190021e-66 4627.00193361 -2.91136421512e-21 4419.00635549 5.89874842094e-31 1807.99226555 -1.44551071756e-33 2126.00017461 1.62276900541e-52 1380.00124948 1.65104337022e-27 563.994995351
18.0602006689 8756.99970938 5.81004620328e-53 7568.00036394 2.42457663786e-29 7248.00124777 3.3325828608e-97 5847.00170483 1.54809389926e-66 4627.00193361 -2.88708758476e-21 4419.00635549 5.8495298861e-31 1807.99226555 -1.43344421889e-33 2126.00017461 1.60923040897e-52 1380.00124948 1.63726868604e-27 563.994995351
18.127090301 8756.99970938 5.76116270473e-53 7568.00036394 2.40418303949e-29 7248.00124777 3.30454333897e-97 5847.00170483 1.53506879642e-66 4627.00193361 -2.8628109544e-21 4419.00635549 5.80031135126e-31 1807.99226555 -1.42137772022e-33 2126.00017461 1.59569181253e-52 1380.00124948 1.62349400186e-27 563.994995351
18.1939799331 8756.99970938 5.71227920618e-53 7568.00036394 2.38378944113e-29 7248.00124777 3.27650381714e-97 5847.00170483 1.52204369358e-66 4627.00193361 -2.83853432404e-21 4419.00635549 5.75109281642e-31 1807.99226555 -1.40931122156e-33 2126.00017461 1.58215321609e-52 1380.00124948 1.60971931768e-27 563.994995351
18.2608695652 8756.99970938 5.66339570763e-53 7568.00036394 2.36339584276e-29 7248.00124777 3.24846429531e-97 5847.00170483 1.50901859074e-66 4627.00193361 -2.81425769368e-21 4419.00635549 5.70187428158e-31 1807.99226555 -1.39724472289e-33 2126.00017461 1.56861461966e-52 1380.00124948 1.5959446335e-27 563.994995351
18.3277591973 8756.99970938 5.61451220908e-53 7568.00036394 2.34300224439e-29 7248.00124777 3.22042477348e-97 5847.00170483 1.4959934879e-66 4627.00193361 -2.78998106332e-21 4419.00635549 5.65265574674e-31 1807.99226555 -1.38517822422e-33 2126.00017461 1.55507602322e-52 1380.00124948 1.58216994932e-27 563.994995351
18.3946488294 8756.99970938 5.56562871053e-53 7568.00036394 2.32260864602e-29 7248.00124777 3.19238525166e-97 5847.00170483 1.48296838506e-66 4627.00193361 -2.76570443296e-21 4419.00635549 5.6034372119e-31 1807.99226555 -1.37311172555e-33 2126.00017461 1.54153742678e-52 1380.00124948 1.56839526514e-27 563.994995351
18.4615384615 8756.99970938 5.51674521198e-53 7568.00036394 2.30221504765e-29 7248.00124777 3.16434572983e-97 5847.00170483 1.46994328222e-66 4627.00193361 -2.7414278026e-21 4419.00635549 5.55421867706e-31 1807.99226555 -1.36104522688e-33 2126.00017461 1.52799883034e-52 1380.00124948 1.55462058096e-27 563.994995351
18.5284280936 8756.99970938 5.46786171343e-53 7568.00036394 2.28182144928e-29 7248.00124777 3.136306208e-97 5847.00170483 1.45691817937e-66 4627.00193361 -2.71715117224e-21 4419.00635549 5.50500014222e-31 1807.99226555 -1.34897872822e-33 2126.00017461 1.5144602339e-52 1380.00124948 1.54084589678e-27 563.994995351
18.5953177258 8756.99970938 5.41897821488e-53 7568.00036394 2.26142785091e-29 7248.00124777 3.10826668617e-97 5847.00170483 1.44389307653e-66 4627.00193361 -2.69287454188e-21 4419.00635549 5.45578160738e-31 1807.99226555 -1.33691222955e-33 2126.00017461 1.50092163746e-52 1380.00124948 1.5270712126e-27 563.994995351
18.6622073579 8756.99970938 5.37009471633e-53 7568.00036394 2.24103425254e-29 7248.00124777 3.08022716434e-97 5847.00170483 1.43086797369e-66 4627.00193361 -2.66859791152e-21 4419.00635549 5.40656307254e-31 1807.99226555 -1.32484573088e-33 2126.00017461 1.48738304103e-52 1380.00124948 1.51329652842e-27 563.994995351
18.72909699 8756.99970938 5.32121121777e-53 7568.00036394 2.22064065417e-29 7248.00124777 3.05218764251e-97 5847.00170483 1.41784287085e-66 4627.00193361 -2.64432128116e-21 4419.00635549 5.3573445377e-31 1807.99226555 -1.31277923221e-33 2126.00017461 1.47384444459e-52 1380.00124948 1.49952184425e-27 563.994995351
18.7959866221 8756.99970938 5.27232771922e-53 7568.00036394 2.2002470558e-29 7248.00124777 3.02414812068e-97 5847.00170483 1.40481776801e-66 4627.00193361 -2.6200446508e-21 4419.00635549 5.30812600286e-31 1807.99226555 -1.30071273354e-33 2126.00017461 1.46030584815e-52 1380.00124948 1.48574716007e-27 563.994995351
18.8628762542 8756.99970938 5.22344422067e-53 7568.00036394 2.17985345743e-29 7248.00124777 2.99610859885e-97 5847.00170483 1.39179266517e-66 4627.00193361 -2.59576802044e-21 4419.00635549 5.25890746802e-31 1807.99226555 -1.28864623488e-33 2126.00017461 1.44676725171e-52 1380.00124948 1.47197247589e-27 563.994995351
18.9297658863 8756.99970938 5.17456072212e-53 7568.00036394 2.15945985906e-29 7248.00124777 2.96806907702e-97 5847.00170483 1.37876756233e-66 4627.00193361 -2.57149139008e-21 4419.00635549 5.20968893318e-31 1807.99226555 -1.27657973621e-33 2126.00017461 1.43322865527e-52 1380.00124948 1.45819779171e-27 563.994995351
18.9966555184 8756.99970938 5.12567722357e-53 7568.00036394 2.13906626069e-29 7248.00124777 2.94002955519e-97 5847.00170483 1.36574245948e-66 4627.00193361 -2.54721475972e-21 4419.00635549 5.16047039834e-31 1807.99226555 -1.26451323754e-33 2126.00017461 1.41969005883e-52 1380.00124948 1.44442310753e-27 563.994995351
19.0635451505 8756.99970938 5.07679372502e-53 7568.00036394 2.11867266232e-29 7248.00124777 2.91199003336e-97 5847.00170483 1.35271735664e-66 4627.00193361 -2.52293812936e-21 4419.00635549 5.1112518635e-31 1807.99226555 -1.25244673887e-33 2126.00017461 1.40615146239e-52 1380.00124948 1.43064842335e-27 563.994995351
19.1304347826 8756.99970938 5.02791022647e-53 7568.00036394 2.09827906395e-29 7248.00124777 2.88395051154e-97 5847.00170483 1.3396922538e-66 4627.00193361 -2.498661499e-21 4419.00635549 5.06203332866e-31 1807.99226555 -1.2403802402e-33 2126.00017461 1.39261286596e-52 1380.00124948 1.41687373917e-27 563.994995351
19.1973244147 8756.99970938 4.97902672792e-53 7568.00036394 2.07788546558e-29 7248.00124777 2.85591098971e-97 5847.00170483 1.32666715096e-66 4627.00193361 -2.47438486864e-21 4419.00635549 5.01281479382e-31 1807.99226555 -1.22831374154e-33 2126.00017461 1.37907426952e-52 1380.00124948 1.40309905499e-27 563.994995351
19.2642140468 8756.99970938 4.93014322937e-53 7568.00036394 2.05749186722e-29 7248.00124777 2.82787146788e-97 5847.00170483 1.31364204812e-66 4627.00193361 -2.45010823828e-21 4419.00635549 4.96359625898e-31 1807.99226555 -1.21624724287e-33 2126.00017461 1.36553567308e-52 1380.00124948 1.38932437081e-27 563.994995351
19.3311036789 8756.99970938 4.88125973082e-53 7568.00036394 2.03709826885e-29 7248.00124777 2.79983194605e-97 5847.00170483 1.30061694528e-66 4627.00193361 -2.42583160792e-21 4419.00635549 4.91437772414e-31 1807.99226555 -1.2041807442e-33 2126.00017461 1.35199707664e-52 1380.00124948 1.37554968663e-27 563.994995351
19.397993311 8756.99970938 4.83237623227e-53 7568.00036394 2.01670467048e-29 7248.00124777 2.77179242422e-97 5847.00170483 1.28759184244e-66 4627.00193361 -2.40155497756e-21 4419.00635549 4.8651591893e-31 1807.99226555 -1.19211424553e-33 2126.00017461 1.3384584802e-52 1380.00124948 1.36177500245e-27 563.994995351
19.4648829431 8756.99970938 4.78349273372e-53 7568.00036394 1.99631107211e-29 7248.00124777 2.74375290239e-97 5847.00170483 1.2745667396e-66 4627.00193361 -2.3772783472e-21 4419.00635549 4.81594065446e-31 1807.99226555 -1.18004774686e-33 2126.00017461 1.32491988376e-52 1380.00124948 1.34800031827e-27 563.994995351
19.5317725753 8756.99970938 4.73460923517e-53 7568.00036394 1.97591747374e-29 7248.00124777 2.71571338056e-97 5847.00170483 1.26154163675e-66 4627.00193361 -2.35300171684e-21 4419.00635549 4.76672211962e-31 1807.99226555 -1.1679812482e-33 2126.00017461 1.31138128733e-52 1380.00124948 1.33422563409e-27 563.994995351
19.5986622074 8756.99970938 4.68572573661e-53 7568.00036394 1.95552387537e-29 7248.00124777 2.68767385873e-97 5847.00170483 1.24851653391e-66 4627.00193361 -2.32872508648e-21 4419.00635549 4.71750358478e-31 1807.99226555 -1.15591474953e-33 2126.00017461 1.29784269089e-52 1380.00124948 1.32045094992e-27 563.994995351
19.6655518395 8756.99970938 4.63684223806e-53 7568.00036394 1.935130277e-29 7248.00124777 2.6596343369e-97 5847.00170483 1.23549143107e-66 4627.00193361 -2.30444845611e-21 4419.00635549 4.66828504994e-31 1807.99226555 -1.14384825086e-33 2126.00017461 1.28430409445e-52 1380.00124948 1.30667626574e-27 563.994995351
19.7324414716 8756.99970938 4.58795873951e-53 7568.00036394 1.91473667863e-29 7248.00124777 2.63159481507e-97 5847.00170483 1.22246632823e-66 4627.00193361 -2.28017182575e-21 4419.00635549 4.6190665151e-31 1807.99226555 -1.13178175219e-33 2126.00017461 1.27076549801e-52 1380.00124948 1.29290158156e-27 563.994995351
19.7993311037 8756.99970938 4.53907524096e-53 7568.00036394 1.89434308026e-29 7248.00124777 2.60355529324e-97 5847.00170483 1.20944122539e-66 4627.00193361 -2.25589519539e-21 4419.00635549 4.56984798026e-31 1807.99226555 -1.11971525352e-33 2126.00017461 1.25722690157e-52 1380.00124948 1.27912689738e-27 563.994995351
19.8662207358 8756.99970938 4.49019174241e-53 7568.00036394 1.87394948189e-29 7248.00124777 2.57551577142e-97 5847.00170483 1.19641612255e-66 4627.00193361 -2.23161856503e-21 4419.00635549 4.52062944542e-31 1807.99226555 -1.10764875486e-33 2126.00017461 1.24368830513e-52 1380.00124948 1.2653522132e-27 563.994995351
19.9331103679 8756.99970938 4.44130824386e-53 7568.00036394 1.85355588352e-29 7248.00124777 2.54747624959e-97 5847.00170483 1.18339101971e-66 4627.00193361 -2.20734193467e-21 4419.00635549 4.47141091058e-31 1807.99226555 -1.09558225619e-33 2126.00017461 1.23014970869e-52 1380.00124948 1.25157752902e-27 563.994995351
20.0 8756.99970938 4.39242474531e-53 7568.00036394 1.83316228515e-29 7248.00124777 2.51943672776e-97 5847.00170483 1.17036591687e-66 4627.00193361 -2.18306530431e-21 4419.00635549 4.42219237574e-31 1807.99226555 -1.08351575752e-33 2126.00017461 1.21661111226e-52 1380.00124948 1.23780284484e-27 563.994995351
