0.0 575.0 0.001 81.0 0.001 677.0 0.001 909.0 0.001 897.0 0.001 95.0 0.001 327.0 0.001 914.0 0.001 294.0 0.001 742.0
0.066889632107 575.000000002 2.62952078817e-05 908.203426883 13.5740676679 677.797078013 0.00775833308376 897.000341874 0.000648630633859 80.9991532287 8.15913319301e-09 914.000227107 1.08038351998e-08 326.196129424 13.6320265897 95.8036518222 0.073440322993 741.999685669 1.94201676305e-05 294.000305977
0.133779264214 908.998113123 0.842795813513 575.00227714 0.085165051738 896.970985403 2.53983530347 677.029471107 1.71569168749e-12 914.000626576 5.3633843169e-11 80.9987537585 6.28265414693e-06 741.99957427 9.77467895156e-05 326.999855128 3.88485083749e-06 95.0000375263 0.00132876630636 294.000305968
0.200668896321 909.000239495 9.98872514609e-05 897.000310521 0.00053882672653 575.003883457 0.617027062889 676.9964133 1.31593687164e-05 914.000626576 5.0880924024e-24 741.999872604 4.36710861377e-09 80.9984554244 1.30144216085e-05 326.999855128 2.93970839146e-12 282.468437991 46.4956825448 106.531905503
0.267558528428 909.000239496 4.47625221471e-05 897.000310521 1.35699938021e-12 677.560899371 34.646955703 822.205198266 146.580340265 666.234825696 1.01514459766e-28 741.999872604 -3.47367287958e-14 168.185799047 117.671422746 239.812511505 3.90600830642e-13 294.000217297 8.17380750065e-05 95.0001261968
0.334448160535 909.000239496 2.00594506264e-05 897.000310521 5.2939693899e-13 914.000425611 0.000241123461137 677.000383644 0.0285869082271 575.000114078 6.02454521696e-24 741.999872604 -1.75285877401e-26 326.999814273 2.37061789484e-05 80.9984962796 3.58219862345e-07 294.000217297 1.35366225348e-10 95.0001261968
0.401337792642 909.000239496 8.9892512784e-06 897.000310521 1.6505600805e-12 914.000425611 3.1410571287e-11 677.000391655 3.11230536162e-05 575.000106067 4.27821533444e-19 741.999872604 -2.74806205488e-34 326.999814273 1.69038998715e-12 80.9999266602 0.551948985658 293.998786917 2.24183501273e-16 95.0001261968
0.468227424749 909.000239496 4.02835750838e-06 897.000310521 5.14613587334e-12 914.000425611 4.09519512168e-18 677.000391655 3.38839898107e-08 575.000106067 3.03789785602e-14 741.999872604 3.56765065297e-43 326.999814273 4.81811781652e-16 294.000182206 0.0533586409864 80.9985313714 1.48206981793e-18 95.0001261968
0.535117056856 909.000239496 1.80522919387e-06 897.000310521 1.60447114249e-11 914.000425611 5.22332737572e-25 677.000391655 3.68949654637e-11 575.000106067 2.16637926366e-09 741.999872604 5.5250128263e-43 326.999814273 5.29960949061e-17 294.000195574 3.4279195027e-08 80.9985180033 3.78105452604e-18 95.0001261968
0.602006688963 909.000239496 8.08937973924e-07 897.000310521 5.00314882587e-11 914.000425611 1.74314220108e-31 677.000391655 3.945872807e-14 575.000106067 0.000168697282554 741.999872604 6.23006190019e-49 326.999814273 5.82338648116e-18 294.000195574 3.66141534355e-14 80.9985180033 9.64697818773e-18 95.0001261968
0.66889632107 909.000239496 3.62509763546e-07 897.000310521 1.55988769063e-10 914.000425611 2.27107201802e-38 677.000391655 4.30689942845e-17 575.85507849 11.9182688969 741.144900181 -1.20168258137e-52 326.999814273 6.40535644669e-19 294.000195574 2.37611840532e-20 80.9985180033 2.46113358494e-17 95.0001261968
0.735785953177 909.000239496 1.62451675074e-07 897.000310521 4.86343641657e-10 914.000425611 2.9609017642e-45 677.000391655 2.3823656788e-16 742.000377074 0.0327838487158 574.999601597 -8.66952533928e-60 326.999814273 7.04548737785e-20 294.000195574 1.54244478497e-26 80.9985180033 6.27883511272e-17 95.0001261968
0.802675585284 909.000239496 7.27995473638e-08 897.000310521 1.51632800888e-09 914.000425611 4.77455240555e-52 677.000391655 1.84182284976e-14 742.000383511 4.61175917893e-07 574.99959516 -1.88117800106e-66 326.999814273 7.74958952697e-21 294.000195574 9.91527484542e-33 80.9985180033 1.6018541508e-16 95.0001261968
0.869565217391 909.000239496 3.25204363027e-08 897.000310521 4.77159677877e-09 914.000425611 -1.54804701543e-55 677.000391655 4.22855131305e-12 742.000383511 -2.32927237322e-10 574.99959516 -1.338159296e-68 326.999814273 7.91881619511e-22 294.000195574 -6.39927260366e-37 80.9985180033 4.10758689829e-16 95.0001261968
0.936454849498 909.000239496 1.35828695149e-08 897.000310521 1.92878857459e-08 914.000425611 3.47495924721e-56 677.000391655 6.11242792687e-11 742.000383511 1.97303809237e-11 574.99959516 4.30844402299e-69 326.999814273 -1.30757364184e-22 294.000195574 5.25138788451e-38 80.9985180033 1.18792208257e-15 95.0001261968
1.00334448161 909.000239496 5.88649325444e-09 897.000310521 6.62311534498e-08 914.000425611 -7.81771842526e-58 677.000391655 -5.14258915498e-09 742.000383511 -6.8396451935e-13 574.99959516 -8.98138294196e-71 326.999814273 -4.03179188073e-23 294.000195574 -1.57272394174e-39 80.9985180033 3.20853900535e-15 95.0001261968
1.07023411371 909.000239496 2.62874309754e-09 897.000310521 2.09169068532e-07 914.000425611 -8.73067528011e-62 677.000391655 -9.25299856681e-07 742.000383511 7.15530547585e-16 574.99959516 -1.34324914767e-74 326.999814273 -3.94813593687e-24 294.000195574 9.73443521559e-44 80.9985180033 8.24683924569e-15 95.0001261968
1.13712374582 909.000239496 1.17783083429e-09 897.000310521 6.52462296626e-07 914.000425611 -5.14768553353e-67 677.000391655 -7.36304367763e-05 742.000383511 1.17918331985e-20 574.99959516 -3.70925131123e-80 326.999814273 -4.32857245108e-25 294.000195574 -1.99649582271e-48 80.9985180033 2.10449096462e-14 95.0001261968
1.20401337793 909.000239496 5.27821716644e-10 897.000310521 2.0342545953e-06 914.000425611 -1.03274224412e-73 677.000392154 -0.00569422339161 742.000383012 1.49449680438e-25 574.99959516 -2.02881225616e-86 326.999814273 -4.76098177759e-26 294.000195574 -8.60823829961e-55 80.9985180033 5.36896929595e-14 95.0001261968
1.27090301003 909.000239496 2.36533000439e-10 897.000310521 6.34242319314e-06 914.000425611 -5.94890468354e-72 677.003373127 -0.440202612767 741.997402039 6.44247916647e-29 574.99959516 -3.35105719471e-84 326.999814273 -5.23677962295e-27 294.000195574 -1.25489369823e-56 80.9985180033 1.36972950683e-13 95.0001261968
1.33779264214 909.000239496 1.059976475e-10 897.000310521 1.97744825729e-05 914.000425611 3.09008780305e-73 690.985763348 -26.710819275 728.015011817 2.3686943602e-30 574.99959516 8.00898514344e-85 326.999814273 -5.76012656782e-28 294.000195574 -2.55827197718e-58 80.9985180033 3.49444897155e-13 95.0001261968
1.40468227425 909.000239496 4.75007769701e-11 897.000310521 6.16531178782e-05 914.000425611 1.49749011761e-78 741.96114772 -1.60472968491 677.039627445 1.19687008912e-33 574.99959516 5.78738818133e-92 326.999814273 -6.33577643185e-29 294.000195574 -1.74440552415e-64 80.9985180033 8.91502563567e-13 95.0001261968
1.47157190635 909.000239496 2.12865460998e-11 897.000310523 0.000192222826301 914.000425609 1.53148109744e-83 742.000764469 -0.0207690577758 677.000010697 1.3031921832e-36 574.99959516 -3.1255767498e-97 326.999814273 -6.96895655379e-30 294.000195574 -1.15887178237e-71 80.9985180033 2.27439812489e-12 95.0001261968
1.53846153846 909.000239496 9.5391501873e-12 897.000310542 0.000599314623763 914.00042559 1.40257953601e-88 742.000771102 -0.000268649287628 677.000004063 1.42051294853e-39 574.99959516 1.85187199203e-100 326.999814273 -7.66541886572e-31 294.000195574 -5.1517754353e-74 80.9985180033 5.80243630501e-12 95.0001261968
1.60535117057 909.000239496 4.27478417013e-12 897.000310726 0.00186855070395 914.000425406 -5.02795976378e-91 742.000771104 -3.48148286305e-06 677.000004062 1.61845021519e-42 574.99959516 3.11729310988e-102 326.999814273 -8.4316662168e-32 294.000195574 6.7575414574e-76 80.9985180033 1.4803155702e-11 95.0001261968
1.67224080268 909.000239496 1.91566239548e-12 897.000312517 0.00582580696922 914.000423614 -6.94448753482e-91 742.000771104 -4.76289525466e-08 677.000004062 9.67450712374e-45 574.99959516 4.61326660541e-102 326.999814273 -9.27812429343e-33 294.000195574 -3.25800022247e-76 80.9985180033 3.77657955085e-11 95.0001261968
1.73913043478 909.000239496 8.58468912904e-13 897.000329931 0.0181638852241 914.0004062 -3.70641001955e-92 742.000771104 -7.46162753238e-10 677.000004062 -4.85508360225e-46 574.99959516 6.1744490003e-102 326.999814273 -1.0222296534e-33 294.000195574 -3.88233923558e-76 80.9985180033 9.63482008118e-11 95.0001261968
1.80602006689 909.000239496 3.84708752523e-13 897.000499209 0.0566314479728 914.000236923 -9.30862686602e-92 742.000771104 -1.61308888441e-11 677.000004062 3.79032232885e-47 574.99959516 1.42147182916e-101 326.999814273 -1.12603458598e-34 294.000195574 -6.40091483121e-76 80.9985180033 2.45803814831e-10 95.0001261968
1.872909699 909.000239496 1.72408307717e-13 897.002144461 0.176550363575 913.998591671 -1.84656413417e-92 742.000771104 -5.37341191212e-13 677.000004062 7.0996137318e-48 574.99959516 5.68428286945e-104 326.999814273 -1.23961283286e-35 294.000195574 -7.61918541434e-77 80.9985180033 6.27095277895e-10 95.0001261968
1.9397993311 909.000239496 7.72978136083e-14 897.018120404 0.549935342487 913.982615728 1.2909812674e-92 742.000771104 -5.53526211054e-14 677.000004062 -2.13641159363e-49 574.99959516 -9.50734133087e-102 326.999814273 -1.36388363431e-36 294.000195574 2.66754073152e-76 80.9985180033 1.5998452967e-09 95.0001261968
2.00668896321 909.000239496 3.47974422409e-14 897.17187139 1.69906753698 913.828864742 2.50541611224e-93 742.000771104 -6.0693496766e-15 677.000004062 -1.65694624189e-49 574.99959516 -1.57802829778e-102 326.999814273 -1.50142876023e-37 294.000195574 4.43891871302e-77 80.9985180033 4.08152686995e-09 95.0001261968
2.07357859532 909.000239496 1.62654605651e-14 898.532958686 4.86886350083 912.467777445 4.78464657334e-94 742.000771104 1.26221300539e-16 677.000004062 -2.69150335704e-51 574.99959516 -1.98482870859e-102 326.999814273 -1.65163961003e-38 294.000195574 3.03644980882e-77 80.9985180033 1.04127807733e-08 95.0001261968
2.14046822742 909.000239496 9.74176018451e-15 905.341105765 8.49859562715 905.659630367 -6.61931087667e-95 742.000771104 -5.76416294674e-18 677.000004062 5.36515424088e-52 574.99959516 4.14072921132e-103 326.999814273 -1.81674925868e-39 294.000195574 -4.32421336742e-78 80.9985180033 2.6565053167e-08 95.0001261968
2.20735785953 909.000239496 1.00300747402e-14 912.359964775 5.01964636949 898.640771357 1.32140701208e-96 742.000771104 -9.50586003395e-20 677.000004062 9.13164404854e-54 574.99959516 9.44582258583e-104 326.999814273 -1.99834362892e-40 294.000195574 -4.64418149484e-79 80.9985180033 6.77726736865e-08 95.0001261968
2.27424749164 909.000239496 1.33935565918e-14 913.815668939 1.76258098002 897.185067192 4.96517957756e-99 742.000771104 -1.23389178195e-21 677.000004062 -1.10114536735e-55 574.99959516 -3.09231349527e-105 326.999814273 -2.19805480233e-41 294.000195574 1.57810440595e-80 80.9985180033 1.72901452759e-07 95.0001261968
2.34113712375 909.000239496 1.86218429956e-14 913.981230389 0.57088917514 897.019505743 4.44241466196e-100 742.000771104 -1.31657753787e-23 677.000004062 -1.20094269199e-56 574.99959516 -1.90603381299e-106 326.999814273 -2.41749913624e-42 294.000195574 9.97752326096e-82 80.9985180033 4.41106505478e-07 95.0001261968
2.40802675585 909.000239496 2.60050065877e-14 913.998447415 0.183291375369 897.002288716 -6.68417138115e-101 742.000771104 -1.69606380711e-25 677.000004062 4.2186493579e-59 574.99959516 -1.91011875634e-107 326.999814273 -2.65930894263e-43 294.000195574 -2.25677003126e-82 80.9985180033 1.12535054876e-06 95.0001261968
2.47491638796 909.000239496 3.63319463488e-14 914.000220297 0.0587948684992 897.000515834 -2.611686615e-102 742.000771104 -2.01740835748e-27 677.000004062 2.35661416171e-59 574.99959516 -7.21474558669e-108 326.999814273 -2.92600068017e-44 294.000195574 4.98930390862e-83 80.9985180033 2.87099288275e-06 95.0001261968
2.54180602007 909.000239496 5.07622279313e-14 914.000402691 0.0188580433372 897.000333441 8.89994217956e-103 742.000771104 -1.86696081981e-29 677.000004062 1.17744955446e-60 574.99959516 9.21724017597e-109 326.999814273 -3.21958923343e-45 294.000195574 2.20022737098e-84 80.9985180033 7.32447453605e-06 95.0001261968
2.60869565217 909.000239496 7.09242538052e-14 914.000421455 0.00604852726672 897.000314676 7.02821460919e-104 742.000771104 1.44684318737e-31 677.000004062 1.51012488709e-62 574.99959516 4.9364304429e-111 326.999814273 -3.54263167887e-46 294.000195574 -5.12369763375e-85 80.9985180033 1.86861927856e-05 95.0001261968
2.67558528428 909.000239496 9.90943951522e-14 914.000423386 0.00194000845485 897.000312746 1.04188168992e-104 742.000771104 4.86100634154e-32 677.000004062 1.305254522e-62 574.99959516 1.02489714459e-110 326.999814273 -3.89914186975e-47 294.000195574 -3.75229898169e-86 80.9985180034 4.76722177251e-05 95.0001261967
2.74247491639 909.000239496 1.38453338066e-13 914.000423584 0.000622246885884 897.000312548 -2.43403243974e-105 742.000771104 -1.4784780269e-32 677.000004062 -2.47047363251e-63 574.99959516 2.43589273883e-111 326.999814273 -4.29616554724e-48 294.000195574 1.38420435653e-86 80.9985180043 0.000121621545627 95.0001261958
2.80936454849 909.000239496 1.93445119386e-13 914.000423605 0.000199587562432 897.000312527 2.4842059345e-106 742.000771104 -9.0697912712e-34 677.000004062 8.33178312002e-64 574.99959516 7.67908197883e-113 326.999814273 -4.74498328907e-49 294.000195574 9.78856610794e-88 80.9985180101 0.000310282456462 95.0001261899
2.8762541806 909.000239496 2.70278893099e-13 914.000423607 6.40218238904e-05 897.000312525 3.71554506629e-106 742.000771104 1.77125852446e-33 677.000004062 2.15098023542e-64 574.99959516 -1.12669565963e-112 326.999814273 -5.26782870571e-50 294.000195574 -4.58091568847e-87 80.998518048 0.000791602475125 95.000126152
2.94314381271 909.000239496 3.77630007512e-13 914.000423607 2.05388063316e-05 897.000312525 8.22868965206e-107 742.000771104 1.96595825286e-34 677.000004062 4.82363216939e-65 574.99959516 -1.23186126424e-112 326.999814273 -5.92970778026e-51 294.000195574 -2.7929963185e-87 80.9985182947 0.00201957628127 95.0001259054
3.01003344482 909.000239496 5.27619515901e-13 914.000423607 6.58837244372e-06 897.000312525 -4.5750418163e-108 742.000771104 4.44120717182e-35 677.000004062 -7.81323224275e-66 574.99959516 -7.98659575489e-113 326.999814273 -6.62719959272e-52 294.000195574 -8.97691185867e-88 80.9985198998 0.00515239910963 95.0001243002
3.07692307692 909.000239496 7.37182812953e-13 914.000423607 2.11328514525e-06 897.000312525 2.60633482681e-108 742.000771104 -5.22421575215e-36 677.000004062 -3.24688792789e-67 574.99959516 2.18712447024e-113 326.999814273 -7.32629158643e-53 294.000195574 2.10805333468e-88 80.998530347 0.0131449049085 95.0001138531
3.14381270903 909.000239496 1.02998178826e-12 914.000423607 6.77826057228e-07 897.000312525 4.03637549836e-108 742.000771104 8.75843791499e-37 677.000004062 -1.24726175525e-66 574.99959516 2.15871594858e-113 326.999814273 -8.06688778997e-54 294.000195574 -1.25318568441e-88 80.9985983346 0.0335352512141 95.0000458655
3.21070234114 909.000239496 1.43907652737e-12 914.000423607 2.17408901846e-07 897.000312525 3.9018594355e-108 742.000771104 1.44630689481e-37 677.000004062 -2.39874494795e-67 574.99959516 -1.09510200227e-112 326.999814273 -8.83168980502e-55 294.000195574 -2.12535649094e-87 80.9990408244 0.0855527180918 94.9996033757
3.27759197324 909.000239496 2.01065812425e-12 914.000423607 6.97328599516e-08 897.000312525 -1.12636670946e-108 742.000771104 -3.42801121068e-38 677.000004062 1.03057262316e-67 574.99959516 -2.16659936153e-113 326.999814273 -9.8418512772e-56 294.000195574 -3.08714760032e-90 81.0019201519 0.218217797066 94.9967240482
3.34448160535 909.000239496 2.80926414707e-12 914.000423607 2.23665365639e-08 897.000312525 4.13927145327e-110 742.000771104 6.67186791218e-39 677.000004062 -2.32116809097e-68 574.99959516 2.79678334936e-114 326.999814273 -1.0756128754e-56 294.000195574 8.14306328239e-89 81.0206317652 0.555974002905 94.9780124348
3.41137123746 909.000239496 3.92506561793e-12 914.000423607 7.17406029448e-09 897.000312525 -2.18566324644e-110 742.000771104 -2.58039467362e-39 677.000004062 3.78389309749e-69 574.99959516 -1.94209792623e-114 326.999814273 -1.22770301315e-57 294.000195574 -3.72587542455e-89 81.1412069466 1.4061613577 94.8574372535
3.47826086957 909.000239496 5.48404817794e-12 914.000423607 2.30100262318e-09 897.000312525 6.34180755671e-111 742.000771104 -6.7749297239e-41 677.000004062 -2.50970276898e-70 574.99959516 -2.8076110156e-115 326.999814273 -1.35217169907e-58 294.000195574 8.64289439723e-90 81.8777713571 3.39670268829 94.120872843
3.54515050167 909.000239496 7.6622373536e-12 914.000423607 7.38019868812e-10 897.000312525 5.71254161393e-112 742.000771104 -1.87956638433e-42 677.000004062 4.69812952154e-72 574.99959516 4.4069778506e-116 326.999814273 -1.48673023962e-59 294.000195574 5.67664200881e-91 85.2503169946 6.43852089172 90.7483272055
3.61204013378 909.000239496 1.07055735649e-11 914.000423607 2.36711085075e-10 897.000312525 1.50689191829e-112 742.000771104 -3.32960994044e-44 677.000004062 -3.97111914993e-74 574.99959516 3.82722467613e-116 326.999814273 -1.6354354002e-60 294.000195574 6.76799763718e-91 91.3522838114 6.14559073862 84.6463603887
3.67892976589 909.000239496 1.49576814304e-11 914.000423607 7.59222685127e-11 897.000312525 1.62307233459e-113 742.000771104 1.00169790538e-47 677.000004062 1.3770115865e-74 574.99959516 -1.85004070551e-116 326.999814273 -1.79897585412e-61 294.000195574 6.94321427582e-92 94.2811036246 3.09036489026 81.7175405755
3.74581939799 909.000239496 2.08986685827e-11 914.000423607 2.43511960857e-11 897.000312525 1.49361949189e-113 742.000771104 -2.91726277469e-46 677.000004062 3.44437729591e-75 574.99959516 7.19448637659e-116 326.999814273 -1.979010265e-62 294.000195574 8.37902808571e-91 94.884638118 1.26637267881 81.1140060821
3.8127090301 909.000239496 2.91993348514e-11 914.000423607 7.81037308012e-12 897.000312525 -2.90007585489e-114 742.000771104 2.80247102134e-47 677.000004062 7.95888274749e-76 574.99959516 -2.05432867857e-116 326.999814273 -2.17715724142e-63 294.000195574 -4.55783526691e-91 94.9822558909 0.499872817404 81.0163883092
3.87959866221 909.000239496 4.07969128711e-11 914.000423607 2.50512963356e-12 897.000312525 2.77925556795e-114 742.000771104 -1.01267029485e-47 677.000004062 1.02382194999e-76 574.99959516 -2.03944844596e-116 326.999814273 -2.39808049217e-64 294.000195574 -2.64465343691e-93 94.9973731738 0.19614897434 81.0012710263
3.94648829431 909.000239496 5.70008909404e-11 914.000423607 8.03506914847e-13 897.000312525 -3.0699344237e-116 742.000771104 6.93950913713e-49 677.000004062 -9.19734491523e-77 574.99959516 -1.88519964489e-117 326.999814273 -2.64176019542e-65 294.000195574 2.41430045541e-92 94.9996986387 0.0768983634866 80.9989455614
4.01337792642 909.000239496 7.96408683511e-11 914.000423607 2.57720375109e-13 897.000312525 -6.69429484802e-116 742.000771104 -3.36782803156e-50 677.000004062 1.0861483496e-77 574.99959516 3.16467510241e-118 326.999814273 -2.91029773804e-66 294.000195574 1.83880078906e-93 95.0000560226 0.0301430513963 80.9985881775
4.08026755853 909.000239496 1.11273136414e-10 914.000423607 8.26624243061e-14 897.000312525 3.24722528241e-117 742.000771104 -8.54733407633e-51 677.000004062 4.03105894017e-79 574.99959516 9.22973839229e-119 326.999814273 -3.20589522297e-67 294.000195574 -4.12700753479e-94 95.0001109305 0.0118153891613 80.9985332696
4.14715719064 909.000239496 1.55469310427e-10 914.000423607 2.6513513258e-14 897.000312525 1.55007478688e-117 742.000771104 1.75190850203e-51 677.000004062 -2.41282459464e-79 574.99959516 5.43135586046e-120 326.999814273 -3.53184119826e-68 294.000195574 -8.13016229368e-95 95.0001193672 0.00463134717578 80.9985248329
4.21404682274 909.000239496 2.17219603161e-10 914.000423607 8.5041192318e-15 897.000312525 -5.60457520165e-118 742.000771104 -4.4007843395e-52 677.000004062 7.38209179441e-80 574.99959516 -3.40603998152e-120 326.999814273 -3.8926742614e-69 294.000195574 3.21601423954e-95 95.0001206634 0.00181537874392 80.9985235366
4.28093645485 909.000239496 3.03496273714e-10 914.000423607 2.72775974638e-15 897.000312525 -3.97062811713e-119 742.000771104 -1.35071511191e-52 677.000004062 1.6123706657e-80 574.99959516 -4.75346918031e-121 326.999814273 -4.30700914593e-70 294.000195574 -6.48163661684e-97 95.0001208625 0.000711592130844 80.9985233375
4.34782608696 909.000239496 4.24040871094e-10 914.000423607 8.74997885581e-16 897.000312525 4.72737102516e-119 742.000771104 7.7708634303e-54 677.000004062 -4.32939266305e-81 574.99959516 2.36549844003e-120 326.999814273 -4.79233211516e-71 294.000195574 -3.28438948084e-96 95.0001208931 0.000278934218578 80.998523307
4.41471571906 909.000239496 5.92464163117e-10 914.000423607 2.80701822349e-16 897.000312525 1.77317636876e-119 742.000771104 1.42852647196e-53 677.000004062 -3.90028274299e-81 574.99959516 9.10541437732e-121 326.999814273 -5.38530191856e-72 294.000195574 -9.29434366866e-97 95.0001208978 0.000109341009169 80.9985233023
4.48160535117 909.000239496 8.27782936721e-10 914.000423607 9.00709353831e-17 897.000312525 9.43880512012e-120 742.000771104 -2.54189785745e-54 677.000004062 -1.09105007573e-82 574.99959516 1.85856277174e-120 326.999814273 -6.20448218139e-73 294.000195574 -1.21263273673e-96 95.0001208985 4.2863828073e-05 80.9985233015
4.54849498328 909.000239496 1.15656736019e-09 914.000423607 2.89213422226e-17 897.000312525 2.26700024224e-120 742.000771104 -2.99679005282e-54 677.000004062 3.22269210249e-82 574.99959516 6.50959492465e-121 326.999814273 -7.35623736442e-74 294.000195574 -3.03068508605e-97 95.0001208986 1.68065824311e-05 80.9985233014
4.61538461538 909.000239496 1.61594077216e-09 914.000423607 9.29131901249e-18 897.000312525 -2.19594968438e-120 742.000771104 -5.44887321879e-55 677.000004062 5.03002151472e-82 574.99959516 9.35638816493e-122 326.999814273 -9.91593042048e-75 294.000195574 1.32295860629e-97 95.0001208987 6.59056226009e-06 80.9985233014
4.68227424749 909.000239496 2.25777231851e-09 914.000423607 3.00237884819e-18 897.000312525 -2.23865991159e-120 742.000771104 -9.26136127834e-55 677.000004062 -1.14065447159e-82 574.99959516 -3.40508086521e-120 326.999814273 -1.18388883358e-75 294.000195574 1.10737865019e-96 95.0001208987 2.58801225135e-06 80.9985233014
4.7491638796 909.000239496 3.15453270967e-09 914.000423607 9.71477211514e-19 897.000312525 -5.19557989702e-119 742.000771104 -7.27739254144e-55 677.000004062 1.24378844472e-81 574.99959516 -4.76950222932e-119 326.999814273 -2.1521825112e-76 294.000195574 1.62690460772e-95 95.0001208987 1.01666952149e-06 80.9985233014
4.81605351171 909.000239496 4.40748684282e-09 914.000423607 3.23047656605e-19 897.000312525 1.3859204296e-119 742.000771104 3.55886781701e-55 677.000004062 -5.88465318312e-82 574.99959516 6.03964800858e-120 326.999814273 1.45128417827e-76 294.000195574 -3.15520342979e-96 95.0001208987 4.01868990661e-07 80.9985233014
4.88294314381 909.000239496 6.15810461399e-09 914.000423607 1.04575484503e-19 897.000312525 -3.02419725667e-120 742.000771104 -2.26471119378e-55 677.000004062 2.71810872963e-82 574.99959516 1.96517277197e-120 326.999814273 -1.35446177603e-76 294.000195574 2.20983524725e-98 95.0001208987 1.58250626081e-07 80.9985233014
4.94983277592 909.000239496 8.60409764703e-09 914.000423607 3.8887502364e-20 897.000312525 1.62888798813e-119 742.000771104 2.84728351271e-55 677.000004062 -8.59101205587e-82 574.99959516 1.56740409922e-120 326.999814273 3.4297657614e-76 294.000195574 -2.56059967857e-96 95.0001208987 6.36941871947e-08 80.9985233014
5.01672240803 909.000239496 1.20217710348e-08 914.000423607 1.93653781388e-20 897.000312525 -2.85570863208e-120 742.000771104 6.03356663723e-55 677.000004062 -2.77449829938e-83 574.99959516 -1.69589674395e-120 326.999814273 3.1939924406e-78 294.000195574 7.83101762206e-97 95.0001208987 2.76110570535e-08 80.9985233014
5.08361204013 909.000239496 1.67971501794e-08 914.000423607 6.83647617331e-21 897.000312525 1.85239962474e-120 742.000771104 -2.91353456465e-55 677.000004062 7.83842313775e-83 574.99959516 1.28761206175e-120 326.999814273 -1.33540948574e-76 294.000195574 -6.11296699876e-97 95.0001208987 1.1817483405e-08 80.9985233014
5.15050167224 909.000239496 2.34693612915e-08 914.000423607 1.4200590936e-21 897.000312525 8.72862563356e-121 742.000771104 2.82359620166e-56 677.000004062 -1.60667905117e-82 574.99959516 -6.83255641143e-121 326.999814273 1.03987180323e-76 294.000195574 1.21571514717e-97 95.0001208987 4.49232541669e-09 80.9985233014
5.21739130435 909.000239496 3.27923751445e-08 914.000423607 2.4047123966e-21 897.000312525 -2.85517022891e-120 742.000771104 1.8411642238e-55 677.000004062 2.05510583324e-82 574.99959516 3.33526609248e-121 326.999814273 -4.10450758654e-77 294.000195574 2.13256568045e-97 95.0001208987 2.37361353162e-09 80.9985233014
5.28428093645 909.000239496 4.5822989703e-08 914.000423607 5.62739411386e-21 897.000312525 -3.67923899267e-120 742.000771104 6.43583612986e-56 677.000004062 4.37107904752e-82 574.99959516 7.72377696249e-121 326.999814273 -3.47375622726e-76 294.000195574 1.07423557076e-97 95.0001208987 2.98237338507e-09 80.9985233014
5.35117056856 909.000239496 6.40393257706e-08 914.000423607 5.40914570041e-21 897.000312525 5.93457098099e-121 742.000771104 -3.04331696718e-55 677.000004062 2.01346610765e-82 574.99959516 7.07492194382e-121 326.999814273 -4.22100462512e-76 294.000195574 -3.43446685485e-97 95.0001208987 3.47905716287e-09 80.9985233014
5.41806020067 909.000239496 8.9498957859e-08 914.000423607 1.06983890242e-21 897.000312525 1.80112057645e-120 742.000771104 -1.51448867464e-55 677.000004062 -2.00053165878e-82 574.99959516 -3.35296759459e-121 326.999814273 -3.66691627746e-77 294.000195574 -4.8815601204e-98 95.0001208987 1.92391551014e-09 80.9985233014
5.48494983278 909.000239496 1.25078884396e-07 914.000423607 -1.43964861304e-21 897.000312525 -6.92226430514e-121 742.000771104 9.58637785168e-56 677.000004062 -2.91303171109e-83 574.99959516 -1.49745799362e-122 326.999814273 1.4966783934e-76 294.000195574 1.00494470412e-97 95.0001208987 2.50415343128e-10 80.9985233014
5.55183946488 909.000239496 1.74801345255e-07 914.000423607 -1.00275289129e-21 897.000312525 -4.40580410958e-121 742.000771104 7.12766148523e-56 677.000004062 7.03635323422e-83 574.99959516 7.81527613666e-122 326.999814273 6.016880963e-77 294.000195574 -3.35151037793e-99 95.0001208987 -3.4728560684e-10 80.9985233014
5.61872909699 909.000239496 2.44294557101e-07 914.000423607 4.79196187184e-22 897.000312525 8.5753711091e-122 742.000771104 -1.66023148753e-56 677.000004062 3.04985249061e-83 574.99959516 1.14756599521e-122 326.999814273 -6.01794089612e-77 294.000195574 -2.10358898873e-98 95.0001208987 -6.58135051018e-11 80.9985233014
5.6856187291 909.000239496 3.41404409837e-07 914.000423607 1.17532507895e-21 897.000312525 2.80881749889e-121 742.000771104 -5.50135934513e-56 677.000004062 -3.13194018551e-83 574.99959516 -3.23047323768e-122 326.999814273 -7.78734387705e-77 294.000195574 -7.68011666453e-99 95.0001208987 4.22344707581e-10 80.9985233014
5.7525083612 909.000239496 4.77812154761e-07 914.000423607 1.44406546612e-21 897.000312525 1.91971247366e-120 742.000771104 -2.03322956927e-55 677.000004062 -3.61399128086e-82 574.99959516 -4.2866116138e-121 326.999814273 -3.10133489978e-77 294.000195574 4.68440269226e-98 95.0001208987 1.66607432152e-09 80.9985233014
5.81939799331 909.000239496 6.68486917161e-07 914.000423607 7.87348954379e-22 897.000312525 5.46406166355e-121 742.000771104 -9.7648106731e-56 677.000004062 -1.48996948473e-82 574.99959516 -9.11783333877e-122 326.999814273 1.72633953523e-77 294.000195574 1.50626769013e-98 95.0001208987 1.69777326838e-09 80.9985233014
5.88628762542 909.000239496 9.3762935301e-07 914.000423607 -2.87870887257e-22 897.000312525 7.36407890086e-121 742.000771104 -8.87900274373e-56 677.000004062 -2.1303182626e-82 574.99959516 -1.77157162926e-121 326.999814273 1.0690574048e-76 294.000195574 4.06681959472e-98 95.0001208987 1.90921056736e-09 80.9985233014
5.95317725753 909.000239496 1.31344859423e-06 914.000423607 -6.35825314418e-22 897.000312525 8.93757395245e-122 742.000771104 -1.7736566453e-56 677.000004062 -4.27949564212e-83 574.99959516 -1.69392321307e-122 326.999814273 7.26876424036e-77 294.000195574 5.82076276148e-99 95.0001208987 1.23885202847e-09 80.9985233014
6.02006688963 909.000239496 1.84381245165e-06 914.000423607 -9.4795979538e-22 897.000312525 -8.00249860789e-122 742.000771104 1.60129260699e-56 677.000004062 1.40092833488e-83 574.99959516 1.03740634123e-122 326.999814273 5.52408453544e-77 294.000195574 -7.09858370292e-100 95.0001208987 6.04139232585e-10 80.9985233014
6.08695652174 909.000239496 2.58171837079e-06 914.000423607 -5.20776818725e-22 897.000312525 8.89190310632e-123 742.000771104 4.02483568278e-57 677.000004062 3.12974823931e-84 574.99959516 -2.40171699187e-123 326.999814273 1.00101015894e-77 294.000195574 -1.59416444487e-100 95.0001208987 1.6281457091e-10 80.9985233014
6.15384615385 909.000239496 3.6121998283e-06 914.000423607 -8.83592446022e-23 897.000312525 6.8841408847e-122 742.000771104 -9.50135396945e-57 677.000004062 -1.58031365672e-83 574.99959516 -1.09521927786e-122 326.999814273 -9.82826067487e-78 294.000195574 1.99788526457e-99 95.0001208987 -7.75087491038e-12 80.9985233014
6.22073578595 909.000239496 5.0548916163e-06 914.000423607 1.84302986781e-22 897.000312525 4.97123464715e-122 742.000771104 -1.23419700755e-56 677.000004062 -1.90633412341e-83 574.99959516 -7.05962531113e-123 326.999814273 -8.61383651558e-78 294.000195574 2.33346409415e-99 95.0001208987 9.73807532343e-12 80.9985233014
6.28762541806 909.000239496 7.06826839565e-06 914.000423607 7.99221535843e-23 897.000312525 -6.14307327042e-122 742.000771104 5.07680182416e-57 677.000004062 9.23073608378e-84 574.99959516 1.04199722881e-122 326.999814273 6.43734212094e-78 294.000195574 -1.10048523354e-99 95.0001208987 4.87685925181e-11 80.9985233014
6.35451505017 909.000239496 9.88238425904e-06 914.000423607 -3.40505007308e-23 897.000312525 2.83275308017e-123 742.000771104 3.57335616678e-57 677.000004062 3.26020691626e-84 574.99959516 -2.01417693188e-123 326.999814273 5.38334772107e-78 294.000195574 -7.51054196817e-101 95.0001208987 3.80826628787e-11 80.9985233014
6.42140468227 909.000239496 1.38165907119e-05 914.000423607 -5.33199442814e-23 897.000312525 1.03712625438e-122 742.000771104 -9.03342748376e-58 677.000004062 -2.18690779208e-84 574.99959516 -1.02905288318e-123 326.999814273 -9.2919991043e-80 294.000195574 2.23913392677e-100 95.0001208987 8.18518975529e-12 80.9985233014
6.48829431438 909.000239496 1.93145897482e-05 914.000423607 -1.84632514212e-23 897.000312525 -2.19131279211e-123 742.000771104 -6.88691436616e-58 677.000004062 -2.15784490019e-85 574.99959516 3.71539916983e-124 326.999814273 -1.44601000754e-78 294.000195574 -5.39372149088e-101 95.0001208987 -6.81538118749e-12 80.9985233014
6.55518394649 909.000239496 2.69945326199e-05 914.000423607 4.3376452719e-24 897.000312525 -2.92283398953e-123 742.000771104 1.00289783721e-57 677.000004062 1.52581827585e-84 574.99959516 -6.48934606163e-125 326.999814273 5.15204727127e-79 294.000195574 -1.01091105324e-100 95.0001208987 -1.87425066747e-12 80.9985233014
6.6220735786 909.000239496 3.77274455399e-05 914.000423607 9.00817007553e-26 897.000312525 5.97294725305e-123 742.000771104 -5.97855611861e-58 677.000004062 -1.66746269321e-84 574.99959516 -3.25269827579e-124 326.999814273 1.94182337333e-79 294.000195574 1.88428981436e-100 95.0001208987 1.78676264405e-12 80.9985233014
6.6889632107 909.000239497 5.27306736394e-05 914.000423606 -4.17455995074e-24 897.000312525 -2.13029373895e-123 742.000771104 -1.73026902717e-57 677.000004062 -1.72410441374e-84 574.99959516 9.96446056741e-124 326.999814273 -1.47202757112e-78 294.000195574 7.19554948983e-102 95.0001208987 -1.8018455736e-12 80.9985233014
6.75585284281 909.000239497 7.36883598369e-05 914.000423606 6.54576614498e-25 897.000312525 -8.01602232195e-124 742.000771104 1.67827168811e-58 677.000004062 5.58957711443e-85 574.99959516 -1.48246005493e-124 326.999814273 -4.52057610796e-79 294.000195574 -1.34291109097e-101 95.0001208987 -2.30010718387e-12 80.9985233014
6.82274247492 909.000239498 0.000102968064667 914.000423605 1.04724933986e-24 897.000312525 1.13189276602e-123 742.000771104 4.39682473254e-59 677.000004062 -2.84538394717e-85 574.99959516 3.27312670548e-126 326.999814273 1.92077583835e-79 294.000195574 2.54576315613e-101 95.0001208987 -5.05052984454e-13 80.9985233014
6.88963210702 909.0002395 0.00014388020434 914.000423603 -8.76585176404e-26 897.000312525 -2.24161364521e-124 742.000771104 -7.71471783786e-59 677.000004062 1.38050947957e-86 574.99959516 -7.66728628666e-126 326.999814273 -2.99862502328e-80 294.000195574 -3.35626378736e-102 95.0001208987 -1.4299360089e-14 80.9985233014
6.95652173913 909.000239504 0.000201038942665 914.000423599 2.11630485259e-26 897.000312525 9.08727325884e-125 742.000771104 3.58638043555e-59 677.000004062 -1.06117687422e-86 574.99959516 1.55085591869e-125 326.999814273 -6.32463452655e-82 294.000195574 6.7642989488e-103 95.0001208987 -9.00245810441e-14 80.9985233014
7.02341137124 909.000239512 0.000280905892524 914.000423591 -3.17952875569e-27 897.000312525 -4.17839111504e-124 742.000771104 -6.3657700713e-59 677.000004062 3.89589934183e-86 574.99959516 -1.08735797836e-125 326.999814273 -1.30245147057e-80 294.000195574 -7.4395126733e-102 95.0001208987 -8.85716781776e-15 80.9985233014
7.09030100334 909.000239527 0.000392499450595 914.000423576 -3.4130599702e-26 897.000312525 3.5487818414e-124 742.000771104 4.57497329189e-59 677.000004062 1.73245595695e-86 574.99959516 -2.36148923908e-125 326.999814273 -1.16546016439e-80 294.000195574 7.5208558195e-102 95.0001208987 -2.00802257523e-15 80.9985233014
7.15719063545 909.000239556 0.000548409642378 914.000423547 8.53898095177e-29 897.000312525 -3.73145490869e-125 742.000771104 -1.09045716658e-59 677.000004062 -9.89299066316e-89 574.99959516 -4.27732903588e-126 326.999814273 1.76433496267e-81 294.000195574 -2.87051643698e-104 95.0001208987 -4.95004375912e-15 80.9985233014
7.22408026756 909.000239614 0.000766252031357 914.000423489 -3.36958380764e-27 897.000312525 -1.23754384604e-126 742.000771104 4.62328272749e-60 677.000004062 -5.58305015504e-88 574.99959516 2.68569692384e-126 326.999814273 -1.18640512043e-81 294.000195574 -3.94947862101e-103 95.0001208987 -1.3822641277e-16 80.9985233014
7.29096989967 909.000239726 0.0010706225696 914.000423377 -7.68341330106e-28 897.000312525 8.32714850073e-126 742.000771104 -4.54198876582e-61 677.000004062 3.75104151215e-88 574.99959516 3.8724113487e-127 326.999814273 1.7631339471e-82 294.000195574 1.0971021903e-103 95.0001208987 -4.75981265486e-16 80.9985233014
7.35785953177 909.000239944 0.00149587972291 914.000423159 -4.62431917831e-28 897.000312525 -1.89945080935e-125 742.000771104 -2.45383128676e-61 677.000004062 -1.09112875403e-87 574.99959516 -2.04853447593e-126 326.999814273 -4.82097945863e-83 294.000195574 -5.60953630318e-104 95.0001208987 -7.52344889897e-17 80.9985233014
7.42474916388 909.00024037 0.00209005146592 914.000422733 -8.17345463828e-29 897.000312525 -7.88239033744e-127 742.000771104 8.17052168426e-61 677.000004062 1.64328589218e-88 574.99959516 2.01286635443e-126 326.999814273 -1.60261426241e-83 294.000195574 -3.58545018131e-103 95.0001208987 -6.07419345662e-17 80.9985233014
7.49163879599 909.000241202 0.00292023236959 914.000421901 -4.58100831139e-29 897.000312525 2.2411666236e-125 742.000771104 -7.01312638943e-61 677.000004062 6.8738361329e-88 574.99959516 1.46599799876e-126 326.999814273 2.41344294694e-83 294.000195574 4.0863593172e-103 95.0001208987 -1.54999509697e-17 80.9985233014
7.55852842809 909.000242827 0.00408013400314 914.000420276 -1.08307303174e-29 897.000312525 -2.12064357928e-126 742.000771104 4.23788181664e-62 677.000004062 -1.45895804951e-88 574.99959516 -2.25371199725e-127 326.999814273 -1.9676971654e-84 294.000195574 2.87526901119e-104 95.0001208987 -7.43492924007e-18 80.9985233014
7.6254180602 909.000245997 0.00570073092626 914.000417106 -3.56960074549e-30 897.000312525 -1.85538240344e-126 742.000771104 3.67185551175e-62 677.000004062 -5.20019954786e-89 574.99959516 -2.17583859652e-127 326.999814273 3.56988141484e-86 294.000195574 -7.36939892133e-105 95.0001208987 -2.86306707085e-18 80.9985233014
7.69230769231 909.000252186 0.00796496635047 914.000410917 -7.93678925387e-31 897.000312525 4.81822367898e-128 742.000771104 2.75862678375e-63 677.000004062 1.94711335023e-89 574.99959516 -1.6051902658e-128 326.999814273 -7.20013268932e-85 294.000195574 -6.66412335628e-105 95.0001208987 -1.22251653919e-18 80.9985233014
7.75919732441 909.000264267 0.0111285271193 914.000398836 -2.02822396476e-31 897.000312525 -2.41763977788e-128 742.000771104 5.01852394456e-63 677.000004062 -9.64120143254e-90 574.99959516 -8.25234438571e-130 326.999814273 -3.83079264762e-85 294.000195574 1.271902767e-106 95.0001208987 -4.9822369797e-19 80.9985233014
7.82608695652 909.000287851 0.0155485674547 914.000375252 -1.26989097367e-31 897.000312525 -1.22104895379e-127 742.000771104 -3.27905365574e-63 677.000004062 3.99494558877e-90 574.99959516 -8.86141685387e-129 326.999814273 5.41025643146e-85 294.000195574 1.97531444381e-105 95.0001208987 -1.83515381969e-19 80.9985233014
7.89297658863 909.000333892 0.0217240841797 914.000329211 -3.01223617091e-32 897.000312525 8.14098142864e-128 742.000771104 2.03224174394e-63 677.000004062 8.23295095461e-91 574.99959516 5.80769855072e-129 326.999814273 -5.56217912892e-86 294.000195574 -7.30490025798e-106 95.0001208987 -7.61029744556e-20 80.9985233014
7.95986622074 909.000423767 0.0303520921809 914.000239336 -1.54808327839e-32 897.000312525 -2.5204405826e-127 742.000771104 -1.12619044158e-63 677.000004062 -6.17887484256e-90 574.99959516 -3.35019852107e-128 326.999814273 5.21831749314e-86 294.000195574 1.94614409721e-105 95.0001208987 -2.81179988862e-20 80.9985233014
8.02675585284 909.000599208 0.0424061177515 914.000063895 -1.53064872302e-33 897.000312525 1.98898308583e-127 742.000771104 9.27590069611e-66 677.000004062 7.35031874464e-90 574.99959516 1.78859478772e-128 326.999814273 -4.55162944718e-86 294.000195574 -1.29261528575e-105 95.0001208987 -1.18321506697e-20 80.9985233014
8.09364548495 909.000941654 0.059245287558 913.999721449 -2.73221065505e-33 897.000312525 -5.82682485292e-128 742.000771104 2.26719212655e-64 677.000004062 -4.80438478199e-90 574.99959516 -5.50430992977e-130 326.999814273 2.83942521924e-86 294.000195574 1.64604833197e-106 95.0001208987 -4.19548374347e-21 80.9985233014
8.16053511706 909.001610027 0.0827657844683 913.999053076 3.64062822536e-34 897.000312525 -2.32469201195e-128 742.000771104 -3.10066988047e-64 677.000004062 1.79549288039e-90 574.99959516 -3.70993398256e-129 326.999814273 -1.56628578216e-86 294.000195574 2.63444339997e-106 95.0001208987 -1.8744802368e-21 80.9985233014
8.22742474916 909.002914247 0.115609221045 913.997748856 -5.5416441455e-34 897.000312525 1.68051016668e-128 742.000771104 1.62553018796e-64 677.000004062 -7.96223226362e-92 574.99959516 5.60924419969e-130 326.999814273 7.99098639799e-87 294.000195574 -8.05642685218e-107 95.0001208987 -6.24165531844e-22 80.9985233014
8.29431438127 909.005458332 0.161445612858 913.995204771 1.65646108331e-34 897.000312525 -6.10590913583e-129 742.000771104 -6.38789160751e-65 677.000004062 -7.25874219111e-91 574.99959516 5.45754905327e-130 326.999814273 -3.19770006112e-87 294.000195574 -2.10822923758e-107 95.0001208987 -2.99046219004e-22 80.9985233014
8.36120401338 909.010417191 0.225345840836 913.990245912 -1.21883582216e-34 897.000312525 -8.24974341122e-130 742.000771104 1.60299179118e-65 677.000004062 3.6927609296e-91 574.99959516 -1.47442630104e-130 326.999814273 1.41481716733e-87 294.000195574 1.66088699635e-107 95.0001208987 -9.1692019831e-23 80.9985233014
8.42809364548 909.020069302 0.314241082847 913.980593801 4.4263584215e-35 897.000312525 2.69161811985e-129 742.000771104 1.29617355785e-65 677.000004062 -1.0622413803e-91 574.99959516 -5.2704299531e-131 326.999814273 -2.09352356605e-88 294.000195574 -4.48220089111e-108 95.0001208987 -4.78069471156e-23 80.9985233014
8.49498327759 909.038803814 0.437401068482 913.961859289 -2.66802337361e-35 897.000312525 -6.03707355924e-130 742.000771104 -8.28214642571e-66 677.000004062 4.62864872555e-93 574.99959516 1.61126029939e-131 326.999814273 8.82633741683e-89 294.000195574 -6.78471267165e-109 95.0001208987 -1.32061006645e-23 80.9985233014
8.5618729097 909.074969405 0.606675755254 913.925693698 -8.51837477381e-36 897.000312525 -7.87260714113e-132 742.000771104 -4.50701252666e-68 677.000004062 1.58265390015e-94 574.99959516 6.09954036825e-133 326.999814273 8.19115234849e-90 294.000195574 -2.11458585432e-110 95.0001208987 -5.18601988086e-24 80.9985233014
8.62876254181 909.144083021 0.835742259222 913.856580082 -2.77417614548e-36 897.000312525 -3.09963801743e-133 742.000771104 4.35564531983e-69 677.000004062 3.30820245113e-95 574.99959516 -9.81980485431e-134 326.999814273 7.64732167687e-91 294.000195574 -6.302698578e-112 95.0001208987 -2.03206676722e-24 80.9985233014
8.69565217391 909.273542547 1.13655243465 913.727120556 -9.02234033456e-37 897.000312525 4.24065152354e-135 742.000771104 -8.15728217153e-71 677.000004062 -5.33359663615e-97 574.99959516 -2.72478233998e-135 326.999814273 8.4764743063e-92 294.000195574 -1.6572477319e-113 95.0001208987 -7.96675415385e-25 80.9985233014
8.76254180602 909.507346677 1.50942074159 913.493316426 -2.96735536878e-37 897.000312525 -9.64797083791e-136 742.000771104 -3.52045734286e-72 677.000004062 3.27203221001e-98 574.99959516 -4.86356085105e-136 326.999814273 9.23193522598e-93 294.000195574 -2.29572739722e-114 95.0001208987 -3.12242963948e-25 80.9985233014
8.82943143813 909.902981252 1.92323322827 913.097681851 -9.96920835398e-38 897.000312525 -1.51112831164e-136 742.000771104 -3.36168685627e-72 677.000004062 -7.81511458217e-99 574.99959516 2.62759031648e-135 326.999814273 1.05539611177e-93 294.000195574 5.17163362349e-114 95.0001208987 -1.22401164805e-25 80.9985233014
8.89632107023 910.503996346 2.29296406098 912.496666757 -3.46133592812e-38 897.000312525 6.35507132132e-136 742.000771104 2.72667004834e-72 677.000004062 2.65799043321e-98 574.99959516 -4.81413208476e-135 326.999814273 1.10886197166e-94 294.000195574 -3.29233263499e-114 95.0001208987 -4.79778844272e-26 80.9985233014
8.96321070234 911.282306666 2.49054739426 911.718356437 -1.25931169228e-38 897.000312525 5.71184136157e-136 742.000771104 7.9420426773e-73 677.000004062 -4.2964406137e-98 574.99959516 -1.61913719175e-134 326.999814273 1.08031684251e-95 294.000195574 -3.42348449605e-113 95.0001208987 -1.8807136997e-26 80.9985233014
9.03010033445 912.105657312 2.42567530885 910.895005791 -4.83776705236e-39 897.000312525 -1.19660808211e-135 742.000771104 -9.0924208387e-73 677.000004062 5.66123841219e-99 574.99959516 4.44534792858e-134 326.999814273 1.20334035074e-96 294.000195574 6.73280901053e-113 95.0001208987 -7.37201282092e-27 80.9985233014
9.09698996656 912.809720182 2.12974183771 910.190942921 -1.95753249528e-39 897.000312525 1.07570723072e-135 742.000771104 2.89067823944e-73 677.000004062 4.61453896085e-98 574.99959516 -6.38496884768e-134 326.999814273 3.60600812722e-97 294.000195574 -5.45459688821e-113 95.0001208987 -2.88972940824e-27 80.9985233014
9.16387959866 913.310299553 1.72462428554 909.69036355 -8.24795790124e-40 897.000312525 2.44611937872e-135 742.000771104 4.64923624828e-73 677.000004062 3.18353248073e-98 574.99959516 -8.4135277245e-134 326.999814273 1.31945884711e-97 294.000195574 -1.54108368369e-112 95.0001208987 -1.13275899076e-27 80.9985233014
9.23076923077 913.621373307 1.32345084621 909.379289796 -3.56978912132e-40 897.000312525 -2.78739188155e-135 742.000771104 3.81219599456e-73 677.000004062 -2.2125072154e-98 574.99959516 6.1315569087e-133 326.999814273 5.28670295846e-98 294.000195574 3.77316378499e-112 95.0001208987 -4.44033070479e-28 80.9985233014
9.29765886288 913.79879033 0.983592622725 909.201872773 -1.57000667723e-40 897.000312525 1.18191245639e-134 742.000771104 1.99461712643e-72 677.000004062 1.25318931288e-97 574.99959516 7.78475813121e-133 326.999814273 1.59791776089e-97 294.000195574 -4.14851126777e-112 95.0001208987 -1.74078920713e-28 80.9985233014
9.36454849498 913.895055929 0.718102505043 909.105607174 -6.9664843338e-41 897.000312525 5.25049390227e-134 742.000771104 2.94156876513e-72 677.000004062 3.2009484273e-97 574.99959516 8.56814400781e-132 326.999814273 5.21092321208e-98 294.000195574 -1.73304915526e-111 95.0001208987 -6.8237639166e-29 80.9985233014
9.43143812709 913.945878774 0.519299442061 909.054784329 -3.10597093561e-41 897.000312525 1.86831004436e-133 742.000771104 2.51451869201e-72 677.000004062 7.41967001377e-97 574.99959516 3.70101582953e-131 326.999814273 -3.19145234867e-98 294.000195574 -9.28317925112e-111 95.0001208987 -2.67480805004e-29 80.9985233014
9.4983277592 913.972323558 0.373662937876 909.028339545 -1.3882722265e-41 897.000312525 4.81257888144e-133 742.000771104 -1.81540000555e-72 677.000004062 1.07102243042e-96 574.99959516 1.22881038401e-130 326.999814273 -7.98033565082e-98 294.000195574 -3.60364401826e-110 95.0001208987 -1.04857126762e-29 80.9985233014
9.5652173913 913.985979875 0.26817468797 909.014683228 -6.21309813171e-42 897.000312525 6.8657236468e-133 742.000771104 -1.23899044194e-71 677.000004062 -1.61589216567e-97 574.99959516 2.40979758014e-130 326.999814273 -7.68416356573e-98 294.000195574 -1.07619273257e-109 95.0001208987 -4.11082821325e-30 80.9985233014
9.63210702341 913.993005241 0.19220953426 909.007657862 -2.7818450774e-42 897.000312525 -1.4456072174e-132 742.000771104 -3.28190172812e-74 677.000004062 -3.23336622756e-96 574.99959516 -1.74424581819e-130 326.999814273 -2.05947553324e-98 294.000195574 1.12521118445e-109 95.0001208987 -1.61006467421e-30 80.9985233014
9.69899665552 913.9966124 0.137668282315 909.004050703 -1.24575827561e-42 897.000312525 -8.25297847199e-133 742.000771104 3.07353560098e-73 677.000004062 -1.4064507721e-96 574.99959516 -2.5354288167e-131 326.999814273 -6.88394098477e-100 294.000195574 5.5017909014e-110 95.0001208987 -6.30672768149e-31 80.9985233014
9.76588628763 913.998462004 0.0985690523901 909.002201099 -5.58075213774e-43 897.000312525 -1.09663695498e-132 742.000771104 1.23688535831e-73 677.000004062 -1.52540869887e-96 574.99959516 7.76431084608e-131 326.999814273 -5.47950812396e-100 294.000195574 6.48737013878e-110 95.0001208987 -2.47131891475e-31 80.9985233014
9.83277591973 913.999409732 0.0705619217366 909.001253371 -2.50154296921e-43 897.000312525 -8.10206508506e-133 742.000771104 -5.78157025072e-74 677.000004062 -6.27495134782e-97 574.99959516 3.74655281323e-130 326.999814273 -8.18524883143e-100 294.000195574 3.36499442727e-110 95.0001208987 -9.69532171643e-32 80.9985233014
9.89966555184 913.999895421 0.050507925637 909.000767682 -1.12127907347e-43 897.000312525 4.24323144339e-133 742.000771104 7.12537924029e-75 677.000004062 6.33773474201e-97 574.99959516 -3.76576209647e-130 326.999814273 9.24818911323e-100 294.000195574 2.03381147632e-111 95.0001208987 -3.80367078766e-32 80.9985233014
9.96655518395 914.000144246 0.0361516648425 909.000518857 -5.02573915032e-44 897.000312525 2.70160058283e-133 742.000771104 2.51924816338e-74 677.000004062 1.21667905269e-98 574.99959516 3.26920142087e-130 326.999814273 -4.50279130855e-101 294.000195574 -4.36431355356e-110 95.0001208987 -1.49164252146e-32 80.9985233014
10.0334448161 914.000271706 0.0258753897193 909.000391397 -2.25412065749e-44 897.000312525 -5.10171444624e-133 742.000771104 -3.88387613287e-74 677.000004062 -1.21231925245e-97 574.99959516 -8.06682161517e-130 326.999814273 3.38668195044e-101 294.000195574 6.96692839892e-110 95.0001208987 -5.86446643306e-33 80.9985233014
10.1003344482 914.000337003 0.0185199635442 909.0003261 -1.0105140543e-44 897.000312525 -9.22214625101e-136 742.000771104 6.61980659477e-75 677.000004062 8.859805627e-98 574.99959516 5.71091214981e-130 326.999814273 4.59962300197e-101 294.000195574 -1.07489671598e-110 95.0001208987 -2.30023329673e-33 80.9985233014
10.1672240803 914.000370451 0.013255332402 909.000292652 -4.53209484332e-45 897.000312525 7.49956706596e-134 742.000771104 1.04444805665e-75 677.000004062 -4.44839778772e-99 574.99959516 1.76063769631e-130 326.999814273 -3.15992859166e-101 294.000195574 -8.61910069299e-111 95.0001208987 -9.04228777622e-34 80.9985233014
10.2341137124 914.000387587 0.00948723403787 909.000275516 -2.03156172955e-45 897.000312525 -1.1508301462e-134 742.000771104 -2.28539308142e-75 677.000004062 -1.55621097897e-98 574.99959516 -4.97733292077e-131 326.999814273 1.50675087499e-101 294.000195574 1.65543150898e-111 95.0001208987 -3.54517523253e-34 80.9985233014
10.3010033445 914.000396364 0.00679028395812 909.000266739 -9.11054105729e-46 897.000312525 -9.02686368441e-135 742.000771104 1.45580194437e-75 677.000004062 9.29617623219e-99 574.99959516 -1.50135933609e-131 326.999814273 -5.35738877189e-102 294.000195574 8.6152491844e-112 95.0001208987 -1.39296734787e-34 80.9985233014
10.3678929766 914.000400861 0.00485999599948 909.000262242 -4.0847338093e-46 897.000312525 5.20756594328e-135 742.000771104 -2.39032095305e-76 677.000004062 9.38294521477e-100 574.99959516 8.85835953683e-132 326.999814273 -2.46876837149e-103 294.000195574 -4.36460313086e-112 95.0001208987 -5.4684044517e-35 80.9985233014
10.4347826087 914.000403165 0.00347843320321 909.000259938 -1.83139655567e-46 897.000312525 2.2240626798e-135 742.000771104 -2.32184182195e-76 677.000004062 -2.630496233e-99 574.99959516 5.27032587754e-132 326.999814273 1.125490194e-102 294.000195574 -2.59326608066e-112 95.0001208987 -2.14458944197e-35 80.9985233014
10.5016722408 914.000404345 0.00248961009731 909.000258758 -8.21264257281e-47 897.000312525 -1.49682544075e-135 742.000771104 2.22526174979e-76 677.000004062 9.79676629425e-100 574.99959516 -1.02720761473e-132 326.999814273 -9.1250030579e-103 294.000195574 9.04227782924e-113 95.0001208987 -8.43556902879e-36 80.9985233014
10.5685618729 914.000404949 0.00178188572854 909.000258154 -3.68465959576e-47 897.000312525 5.50464491594e-136 742.000771104 -4.99055202472e-77 677.000004062 6.74108960954e-101 574.99959516 5.08356465905e-133 326.999814273 2.56275685355e-103 294.000195574 -3.26819089177e-113 95.0001208987 -3.31046395465e-36 80.9985233014
10.635451505 914.000405259 0.00127534618748 909.000257844 -1.65291483611e-47 897.000312525 -4.1312824009e-136 742.000771104 5.82514196611e-77 677.000004062 -2.86284625977e-101 574.99959516 -2.86486286129e-133 326.999814273 -2.61977445556e-103 294.000195574 2.23589423158e-113 95.0001208987 -1.30507433772e-36 80.9985233014
10.7023411371 914.000405417 0.000912803414014 909.000257686 -7.42079745256e-48 897.000312525 9.11234432268e-136 742.000771104 -8.57689595565e-77 677.000004062 -9.19197102818e-101 574.99959516 9.46866899945e-133 326.999814273 3.04924080533e-103 294.000195574 -6.08319835447e-113 95.0001208987 -5.11229339492e-37 80.9985233014
10.7692307692 914.000405498 0.000653322677153 909.000257605 -3.3356118152e-48 897.000312525 -2.94428374462e-136 742.000771104 1.72593989427e-77 677.000004062 -7.9006432565e-102 574.99959516 -7.68641648753e-134 326.999814273 8.3755331368e-105 294.000195574 1.3570375576e-113 95.0001208987 -2.02241020406e-37 80.9985233014
10.8361204013 914.00040554 0.000467603466712 909.000257563 -1.49898100553e-48 897.000312525 7.26463224187e-137 742.000771104 -2.68566936945e-78 677.000004062 -1.17787680742e-100 574.99959516 5.39027878296e-133 326.999814273 -1.34315234649e-104 294.000195574 -1.60876555479e-113 95.0001208987 -8.02593273897e-38 80.9985233014
10.9030100334 914.000405561 0.00033468068059 909.000257542 -6.7565607322e-49 897.000312525 -1.73560510731e-136 742.000771104 -2.04192030335e-77 677.000004062 -3.34554855798e-100 574.99959516 3.14968889338e-132 326.999814273 1.13411009004e-103 294.000195574 -6.07748649828e-113 95.0001208987 -3.11406094114e-38 80.9985233014
10.9698996656 914.000405572 0.000239544470752 909.000257531 -3.06009615299e-49 897.000312525 -1.00549067794e-135 742.000771104 1.9297681888e-77 677.000004062 -8.6565842818e-100 574.99959516 1.74937123814e-131 326.999814273 -4.60353962302e-104 294.000195574 -2.61383662135e-112 95.0001208987 -1.30332469623e-38 80.9985233014
11.0367892977 914.000405578 0.000171451135825 909.000257525 -1.37999100729e-49 897.000312525 -3.94245180202e-135 742.000771104 -1.08958112392e-77 677.000004062 -2.97194088931e-99 574.99959516 1.27070595725e-130 326.999814273 -2.56805566092e-105 294.000195574 -1.714564878e-111 95.0001208987 -5.22156086094e-39 80.9985233014
11.1036789298 914.000405581 0.000122715061499 909.000257522 -6.25498567423e-50 897.000312525 6.56908119174e-135 742.000771104 3.058636427e-78 677.000004062 4.96353624525e-99 574.99959516 -1.83136444777e-130 326.999814273 2.26516577589e-104 294.000195574 2.61276305531e-111 95.0001208987 -1.95005368834e-39 80.9985233014
11.1705685619 914.000405582 8.78341352665e-05 909.000257521 -2.86421797599e-50 897.000312525 -3.12709082308e-135 742.000771104 1.12442326028e-78 677.000004062 -2.39452068931e-99 574.99959516 5.66078865238e-131 326.999814273 -2.05798648572e-104 294.000195574 -1.07558135927e-111 95.0001208987 -9.61374324125e-40 80.9985233014
11.237458194 914.000405583 6.28672268119e-05 909.00025752 -1.28510274481e-50 897.000312525 1.40655108498e-135 742.000771104 -3.09830079055e-78 677.000004062 9.48039737042e-100 574.99959516 -2.50418495235e-131 326.999814273 7.46864621101e-105 294.000195574 4.7731245526e-112 95.0001208987 -3.55477853082e-40 80.9985233014
11.3043478261 914.000405583 4.49973042842e-05 909.00025752 -5.84584021784e-51 897.000312525 -1.41387689887e-135 742.000771104 3.13856923667e-78 677.000004062 -6.62514642408e-100 574.99959516 3.07218910912e-131 326.999814273 8.47685752327e-106 294.000195574 -5.35568021678e-112 95.0001208987 -1.04130944079e-40 80.9985233014
11.3712374582 914.000405583 3.22079792361e-05 909.00025752 -2.79769224717e-51 897.000312525 8.6936358316e-136 742.000771104 -1.53189519025e-78 677.000004062 -1.93629549527e-100 574.99959516 -2.93645813748e-131 326.999814273 -1.22537046333e-104 294.000195574 4.50095790321e-112 95.0001208987 -1.19756014438e-40 80.9985233014
11.4381270903 914.000405583 2.30554132713e-05 909.00025752 -1.36039827901e-51 897.000312525 -4.63271433391e-137 742.000771104 -5.85253808497e-78 677.000004062 -1.7844855231e-99 574.99959516 -9.85032631163e-131 326.999814273 -9.8069450633e-105 294.000195574 6.99171402134e-112 95.0001208987 -1.09813121743e-40 80.9985233014
11.5050167224 914.000405584 1.65038200807e-05 909.000257519 -6.07214313647e-52 897.000312525 1.34520855906e-135 742.000771104 -2.2905067615e-79 677.000004062 1.98154608357e-99 574.99959516 9.84362394809e-132 326.999814273 8.81418888598e-105 294.000195574 1.30260636832e-112 95.0001208987 -1.82164891809e-41 80.9985233014
11.5719063545 914.000405584 1.18135443065e-05 909.000257519 -2.79437614503e-52 897.000312525 1.16032958444e-134 742.000771104 3.27781314234e-78 677.000004062 8.01114915867e-99 574.99959516 3.62162090439e-130 326.999814273 4.64173587898e-105 294.000195574 1.22979792882e-111 95.0001208987 1.3365604167e-41 80.9985233014
11.6387959866 914.000405584 8.4566416384e-06 909.000257519 -1.60897957878e-52 897.000312525 -3.34809922719e-134 742.000771104 -2.24035877482e-78 677.000004062 -1.92580967491e-98 574.99959516 -1.03203885937e-129 326.999814273 -5.52488571984e-105 294.000195574 -4.51667692924e-111 95.0001208987 -1.32616271623e-41 80.9985233014
11.7056856187 914.000405584 6.05475596004e-06 909.000257519 -9.42942893092e-53 897.000312525 1.98542431831e-135 742.000771104 -1.62284420935e-78 677.000004062 -2.02907955775e-99 574.99959516 2.07221607404e-130 326.999814273 -1.62934342477e-105 294.000195574 6.54328784232e-112 95.0001208987 -2.53195229545e-41 80.9985233014
11.7725752508 914.000405584 4.33572241464e-06 909.000257519 -3.69791664377e-53 897.000312525 6.01933140706e-135 742.000771104 1.20271205983e-78 677.000004062 5.25171797647e-99 574.99959516 7.3116473683e-131 326.999814273 3.22953541512e-105 294.000195574 4.79649013295e-112 95.0001208987 -4.6088285761e-42 80.9985233014
11.8394648829 914.000405584 3.10459361176e-06 909.000257519 -7.75051042549e-54 897.000312525 -5.5275685262e-135 742.000771104 4.52611803369e-79 677.000004062 -2.39768532514e-99 574.99959516 -1.55233534303e-130 326.999814273 8.41047576617e-106 294.000195574 -7.17575036669e-112 95.0001208987 1.07788295592e-41 80.9985233014
11.9063545151 914.000405584 2.22274300545e-06 909.000257519 -7.24547042622e-54 897.000312525 -6.87756045997e-137 742.000771104 -8.33586730586e-79 677.000004062 -1.86184977252e-99 574.99959516 5.9702885012e-131 326.999814273 -2.00603036448e-105 294.000195574 1.85506928986e-112 95.0001208987 3.54770851845e-42 80.9985233014
11.9732441472 914.000405584 1.59139970097e-06 909.000257519 -1.05737061876e-53 897.000312525 2.78558276829e-135 742.000771104 -3.81550070125e-80 677.000004062 2.09197646005e-99 574.99959516 3.41805113476e-131 326.999814273 -4.37399477131e-106 294.000195574 2.36443387866e-112 95.0001208987 -6.17715153603e-42 80.9985233014
12.0401337793 914.000405584 1.13994146179e-06 909.000257519 -3.97997157258e-54 897.000312525 -4.36827685964e-136 742.000771104 1.15103136801e-78 677.000004062 2.07535725881e-99 574.99959516 -7.35819891571e-131 326.999814273 2.54933930181e-105 294.000195574 -2.63946090282e-112 95.0001208987 -3.41311402438e-42 80.9985233014
12.1070234114 914.000405584 8.17260662426e-07 909.000257519 5.08417567016e-54 897.000312525 -1.00547752843e-135 742.000771104 8.19264560355e-79 677.000004062 2.15537072798e-100 574.99959516 -2.63248949923e-131 326.999814273 2.76426941e-105 294.000195574 -1.41871227211e-112 95.0001208987 4.32056348728e-42 80.9985233014
12.1739130435 914.000405584 5.86753781058e-07 909.000257519 1.13323034878e-53 897.000312525 -1.11644230413e-135 742.000771104 1.88895434921e-80 677.000004062 -1.31527100034e-99 574.99959516 -1.3040636913e-132 326.999814273 9.5523038648e-106 294.000195574 -5.20508518591e-113 95.0001208987 1.11520323677e-41 80.9985233014
12.2408026756 914.000405584 4.21273305843e-07 909.000257519 6.7614421596e-54 897.000312525 7.97224466808e-136 742.000771104 -6.22432311803e-79 677.000004062 -3.6689164302e-100 574.99959516 2.284248682e-131 326.999814273 -1.48827141244e-105 294.000195574 1.21000196537e-112 95.0001208987 7.29587226455e-42 80.9985233014
12.3076923077 914.000405584 3.02131085245e-07 909.000257519 -3.52082335813e-55 897.000312525 2.90917015755e-136 742.000771104 -5.95775861331e-80 677.000004062 6.03883930937e-100 574.99959516 -6.4035660269e-132 326.999814273 -9.86204906541e-106 294.000195574 -1.15299733662e-113 95.0001208987 -4.05932271494e-44 80.9985233014
12.3745819398 914.000405584 2.1650270721e-07 909.000257519 -3.6462913276e-54 897.000312525 -1.35623989007e-136 742.000771104 2.04888103298e-79 677.000004062 2.2344539438e-100 574.99959516 -3.27972679579e-132 326.999814273 1.79912165086e-106 294.000195574 -2.10419256685e-113 95.0001208987 -3.62135474645e-42 80.9985233014
12.4414715719 914.000405584 1.55125732792e-07 909.000257519 -2.60056790465e-54 897.000312525 -2.01581897258e-136 742.000771104 1.80831923551e-79 677.000004062 -1.3910293562e-100 574.99959516 -3.76999489454e-133 326.999814273 8.4380616738e-106 294.000195574 -1.01953185475e-113 95.0001208987 -2.77619811849e-42 80.9985233014
12.508361204 914.000405584 1.11326396529e-07 909.000257519 1.29086058007e-54 897.000312525 1.10530325992e-136 742.000771104 -1.43830388825e-79 677.000004062 -2.90554243515e-100 574.99959516 4.36586040074e-132 326.999814273 2.80348538377e-106 294.000195574 2.42666667738e-113 95.0001208987 1.26411493055e-42 80.9985233014
12.5752508361 914.000405584 8.0395269904e-08 909.000257519 5.11587392882e-54 897.000312525 5.31765133705e-136 742.000771104 -5.00358806848e-79 677.000004062 -2.49171140386e-101 574.99959516 5.87462515362e-132 326.999814273 -1.22360748431e-105 294.000195574 4.81302964827e-113 95.0001208987 5.50174390588e-42 80.9985233014
12.6421404682 914.000405584 5.86407480021e-08 909.000257519 7.56341898242e-54 897.000312525 6.4095200429e-136 742.000771104 -6.28050278914e-79 677.000004062 1.13475207142e-100 574.99959516 5.87733689151e-132 326.999814273 -2.21739113487e-105 294.000195574 5.20133005801e-113 95.0001208987 8.23423175886e-42 80.9985233014
12.7090301003 914.000405584 4.31671350057e-08 909.000257519 5.64179661815e-54 897.000312525 9.66572975783e-137 742.000771104 -2.01751129016e-79 677.000004062 2.10823764209e-100 574.99959516 -1.34800111855e-132 326.999814273 -1.72747591411e-105 294.000195574 -2.67456293927e-114 95.0001208987 6.11600189087e-42 80.9985233014
12.7759197324 914.000405584 3.20423751912e-08 909.000257519 2.77173262712e-54 897.000312525 -3.17638111331e-137 742.000771104 6.1497989637e-81 677.000004062 1.79086567768e-100 574.99959516 -1.91576159564e-132 326.999814273 -1.0181842158e-105 294.000195574 -1.03535007386e-113 95.0001208987 3.04015064416e-42 80.9985233014
12.8428093645 914.000405584 2.37126833461e-08 909.000257519 -1.03350125547e-54 897.000312525 -1.21561668923e-136 742.000771104 1.8766576955e-79 677.000004062 -1.43379828392e-101 574.99959516 -5.41950943857e-133 326.999814273 2.87286327857e-106 294.000195574 -7.39681159179e-114 95.0001208987 -1.13321129631e-42 80.9985233014
12.9096989967 914.000405584 1.74258550401e-08 909.000257519 -2.91779082254e-54 897.000312525 -6.69312291407e-137 742.000771104 1.44191641901e-79 677.000004062 -4.97418956964e-101 574.99959516 -5.38272887319e-134 326.999814273 7.00587895882e-106 294.000195574 -2.65284246197e-114 95.0001208987 -3.08156754867e-42 80.9985233014
12.9765886288 914.000405584 1.25764819486e-08 909.000257519 -2.81929649302e-54 897.000312525 6.03503011699e-137 742.000771104 -2.86490398504e-80 677.000004062 -5.59046883735e-101 574.99959516 7.62338677417e-133 326.999814273 5.77382634315e-106 294.000195574 6.29624205167e-114 95.0001208987 -2.87947764472e-42 80.9985233014
13.0434782609 914.000405584 8.97670452862e-09 909.000257519 -1.60421506824e-54 897.000312525 3.45285037839e-137 742.000771104 -5.75300960685e-80 677.000004062 -1.7915909647e-101 574.99959516 2.60289932007e-133 326.999814273 1.99669541735e-106 294.000195574 2.62485366959e-114 95.0001208987 -1.51583429826e-42 80.9985233014
13.110367893 914.000405584 6.37000869421e-09 909.000257519 6.82500213572e-55 897.000312525 1.14868049832e-137 742.000771104 -8.36145669073e-80 677.000004062 3.94134342396e-101 574.99959516 -2.81874144001e-133 326.999814273 -4.0274467728e-106 294.000195574 -1.17691078506e-114 95.0001208987 9.4508197687e-43 80.9985233014
13.1772575251 914.000405584 4.55732907478e-09 909.000257519 1.49062042006e-54 897.000312525 -2.10565245088e-138 742.000771104 -2.51771126185e-80 677.000004062 1.70923662921e-101 574.99959516 -7.13027222646e-134 326.999814273 -3.60667196729e-106 294.000195574 -5.41679228389e-115 95.0001208987 1.66308371242e-42 80.9985233014
13.2441471572 914.000405584 3.41990782249e-09 909.000257519 1.77649522443e-54 897.000312525 -2.98890999822e-137 742.000771104 5.38884359397e-80 677.000004062 3.01851053204e-102 574.99959516 -8.08820499123e-134 326.999814273 -2.19805781951e-106 294.000195574 -1.52181610128e-114 95.0001208987 1.80244753926e-42 80.9985233014
13.3110367893 914.000405584 2.62550390979e-09 909.000257519 9.31443806779e-55 897.000312525 -1.22553227789e-137 742.000771104 5.06589855372e-80 677.000004062 -9.92675507151e-102 574.99959516 2.23320929659e-134 326.999814273 5.56216731873e-107 294.000195574 -2.49823898212e-115 95.0001208987 7.8944150803e-43 80.9985233014
13.3779264214 914.000405584 2.64592721934e-09 909.000257519 -1.9194557051e-54 897.000312525 -5.937079272e-137 742.000771104 2.35376016297e-79 677.000004062 -9.18644596047e-101 574.99959516 3.48452761218e-133 326.999814273 1.04755844216e-105 294.000195574 3.37917539772e-116 95.0001208987 -2.48644827181e-42 80.9985233014
13.4448160535 914.000405584 2.83353446949e-09 909.000257519 -4.77470149603e-54 897.000312525 -8.09505457392e-137 742.000771104 3.38628013875e-79 677.000004062 -1.43186627583e-100 574.99959516 5.63966718975e-133 326.999814273 1.78907516947e-105 294.000195574 5.60849605785e-115 95.0001208987 -5.6095733565e-42 80.9985233014
13.5117056856 914.000405584 2.58388475565e-09 909.000257519 -4.67562015125e-54 897.000312525 -2.22628291404e-137 742.000771104 1.44937778859e-79 677.000004062 -5.14800030461e-101 574.99959516 1.4214677575e-133 326.999814273 1.12121897645e-105 294.000195574 2.26504278163e-115 95.0001208987 -5.15447265543e-42 80.9985233014
13.5785953177 914.000405584 2.76746347422e-09 909.000257519 -6.46574124417e-54 897.000312525 4.49869771641e-138 742.000771104 7.91207519974e-80 677.000004062 -3.93692942163e-101 574.99959516 1.49369062533e-133 326.999814273 1.16850148828e-105 294.000195574 1.17447279609e-114 95.0001208987 -6.81822232681e-42 80.9985233014
13.6454849498 914.000405584 2.8829950509e-09 909.000257519 -7.55984370119e-54 897.000312525 2.06263229069e-137 742.000771104 2.89907608444e-80 677.000004062 -3.43316056522e-101 574.99959516 1.95407237922e-133 326.999814273 1.12104912398e-105 294.000195574 1.93239798326e-114 95.0001208987 -7.72281234482e-42 80.9985233014
13.7123745819 914.000405584 2.58909610139e-09 909.000257519 -6.20441322852e-54 897.000312525 1.32572816053e-137 742.000771104 -3.61541666013e-81 677.000004062 -1.36713548248e-101 574.99959516 8.79722923589e-134 326.999814273 6.36677755012e-106 294.000195574 9.8091229329e-115 95.0001208987 -6.03208389291e-42 80.9985233014
13.779264214 914.000405584 2.15375891449e-09 909.000257519 -4.03322581886e-54 897.000312525 6.4130037418e-138 742.000771104 -4.06256175095e-80 677.000004062 9.1148263915e-102 574.99959516 -1.84338499035e-134 326.999814273 4.54865940807e-107 294.000195574 4.46826703653e-116 95.0001208987 -3.50736087979e-42 80.9985233014
13.8461538462 914.000405584 1.70054972715e-09 909.000257519 -1.95733062942e-54 897.000312525 6.43101100817e-138 742.000771104 -7.15527434539e-80 677.000004062 2.29142191599e-101 574.99959516 -5.75785915341e-134 326.999814273 -3.94803705117e-106 294.000195574 -2.40010349489e-115 95.0001208987 -1.19735537032e-42 80.9985233014
13.9130434783 914.000405584 1.22462606013e-09 909.000257519 -2.99017076648e-55 897.000312525 2.96680091216e-138 742.000771104 -5.35039455849e-80 677.000004062 1.79188596883e-101 574.99959516 -4.38682335271e-134 326.999814273 -4.70989153138e-106 294.000195574 -2.44194296249e-115 95.0001208987 4.16976007568e-43 80.9985233014
13.9799331104 914.000405584 7.49782098967e-10 909.000257519 9.84028051044e-55 897.000312525 -2.6649907477e-138 742.000771104 -5.07842323559e-81 677.000004062 1.73966911051e-102 574.99959516 -9.33637104368e-136 326.999814273 -2.99525373002e-106 294.000195574 -9.77051208432e-116 95.0001208987 1.45326286116e-42 80.9985233014
14.0468227425 914.000405584 2.73014748039e-10 909.000257519 2.34991855125e-54 897.000312525 -7.42985703227e-138 742.000771104 2.58190163681e-80 677.000004062 -5.97253652383e-102 574.99959516 1.17446797048e-134 326.999814273 -2.2827933091e-106 294.000195574 -1.37473699124e-115 95.0001208987 2.59304148045e-42 80.9985233014
14.1137123746 914.000405584 -3.52994773722e-11 909.000257519 2.64480172678e-54 897.000312525 -6.92932435499e-138 742.000771104 3.51218249028e-80 677.000004062 -8.32546763998e-102 574.99959516 1.44581640329e-134 326.999814273 -9.43049134991e-107 294.000195574 -9.28266396215e-116 95.0001208987 2.62984599141e-42 80.9985233014
14.1806020067 914.000405584 -1.37237540181e-10 909.000257519 1.79581490076e-54 897.000312525 -5.38780372204e-139 742.000771104 1.58924997775e-80 677.000004062 -3.30698880623e-102 574.99959516 3.57503030129e-135 326.999814273 5.42160655848e-107 294.000195574 2.54394026309e-116 95.0001208987 1.550639302e-42 80.9985233014
14.2474916388 914.000405584 -1.78417849166e-10 909.000257519 8.85594260787e-55 897.000312525 1.79366117062e-138 742.000771104 1.61005084876e-80 677.000004062 -4.31700687882e-102 574.99959516 5.89152223386e-135 326.999814273 2.471729429e-106 294.000195574 1.16041566026e-115 95.0001208987 4.13410454752e-43 80.9985233014
14.3143812709 914.000405584 -1.27805984092e-10 909.000257519 -5.37737105202e-56 897.000312525 2.81724077226e-138 742.000771104 9.70157969785e-81 677.000004062 -3.16487217485e-102 574.99959516 4.69803620574e-135 326.999814273 3.08337702486e-106 294.000195574 1.3233558732e-115 95.0001208987 -5.81815005059e-43 80.9985233014
14.381270903 914.000405584 -5.34218758379e-11 909.000257519 -5.07336653212e-55 897.000312525 7.37702311424e-139 742.000771104 4.95817358608e-82 677.000004062 -2.88500079867e-103 574.99959516 1.46003621345e-136 326.999814273 1.62954859211e-106 294.000195574 2.0847069133e-116 95.0001208987 -8.58123242448e-43 80.9985233014
14.4481605351 914.000405584 1.38295936945e-10 909.000257519 -1.34205191052e-54 897.000312525 9.92781426871e-139 742.000771104 -1.37145529771e-80 677.000004062 3.32326992015e-102 574.99959516 -5.00214275905e-135 326.999814273 6.14406043033e-107 294.000195574 -2.13502869481e-116 95.0001208987 -1.50305463581e-42 80.9985233014
14.5150501672 914.000405584 2.9073238462e-10 909.000257519 -1.70470729186e-54 897.000312525 8.11462375754e-139 742.000771104 -1.96520050279e-80 677.000004062 4.7974173999e-102 574.99959516 -6.86221853985e-135 326.999814273 -3.35155385156e-107 294.000195574 -4.42290141431e-116 95.0001208987 -1.66015627627e-42 80.9985233014
14.5819397993 914.000405584 3.18774226412e-10 909.000257519 -1.28460863875e-54 897.000312525 6.57629504916e-140 742.000771104 -8.04493924136e-81 677.000004062 1.58424142804e-102 574.99959516 -1.45565888594e-135 326.999814273 -5.53401136093e-107 294.000195574 -1.41553029873e-116 95.0001208987 -1.10275367479e-42 80.9985233014
14.6488294314 914.000405584 7.54317629527e-10 909.000257519 -1.89039435847e-54 897.000312525 -8.66560816263e-139 742.000771104 -4.57139596684e-80 677.000004062 1.25067687434e-101 574.99959516 -1.88612021264e-134 326.999814273 -5.13754331658e-106 294.000195574 -2.01787640863e-115 95.0001208987 -1.05223824267e-42 80.9985233014
14.7157190635 914.000405584 1.19467609255e-09 909.000257519 -2.31366124135e-54 897.000312525 -1.91888071439e-138 742.000771104 -8.20702575929e-80 677.000004062 2.31310196251e-101 574.99959516 -3.58637642294e-134 326.999814273 -9.80398929669e-106 294.000195574 -3.88843091876e-115 95.0001208987 -8.01326061882e-43 80.9985233014
14.7826086957 914.000405584 1.55040506941e-09 909.000257519 -2.45975004518e-54 897.000312525 -2.6787546234e-138 742.000771104 -1.04733886026e-79 677.000004062 2.97004468955e-101 574.99959516 -4.62041436077e-134 326.999814273 -1.30672811234e-105 294.000195574 -5.06033377765e-115 95.0001208987 -4.29707776921e-43 80.9985233014
14.8494983278 914.000405584 1.70768217981e-09 909.000257519 -2.23009247516e-54 897.000312525 -2.56567306855e-138 742.000771104 -9.74286368632e-80 677.000004062 2.72487397842e-101 574.99959516 -4.15717903788e-134 326.999814273 -1.29448800855e-105 294.000195574 -4.60460618272e-115 95.0001208987 -6.92841677822e-44 80.9985233014
14.9163879599 914.000405584 1.52830720932e-09 909.000257519 -1.52221118383e-54 897.000312525 -8.31059220871e-139 742.000771104 -3.99820408831e-80 677.000004062 9.59982392748e-102 574.99959516 -1.16048063659e-134 326.999814273 -6.95716671344e-106 294.000195574 -1.35617331149e-115 95.0001208987 9.58338500525e-44 80.9985233014
14.983277592 914.000405584 1.61287319402e-09 909.000257519 -1.01565261976e-54 897.000312525 -9.23767742758e-139 742.000771104 -3.10518290863e-80 677.000004062 6.99130560689e-102 574.99959516 -7.22746194065e-135 326.999814273 -6.710736117e-106 294.000195574 -9.75868508415e-116 95.0001208987 6.66953888329e-43 80.9985233014
15.0501672241 914.000405584 1.74782599485e-09 909.000257519 -5.72729774548e-55 897.000312525 -1.60693948631e-138 742.000771104 -3.83957123972e-80 677.000004062 9.51632026722e-102 574.99959516 -1.17677051406e-134 326.999814273 -8.22354614298e-106 294.000195574 -1.58029792771e-115 95.0001208987 1.32635148761e-42 80.9985233014
15.1170568562 914.000405584 1.79124830151e-09 909.000257519 -1.50724910853e-55 897.000312525 -2.02487198136e-138 742.000771104 -4.13153742162e-80 677.000004062 1.07916506423e-101 574.99959516 -1.44706377297e-134 326.999814273 -8.85120034482e-106 294.000195574 -1.93844345692e-115 95.0001208987 1.8094742344e-42 80.9985233014
15.1839464883 914.000405584 1.70705014475e-09 909.000257519 1.62900184911e-55 897.000312525 -1.89859634466e-138 742.000771104 -3.6154687883e-80 677.000004062 9.64327912747e-102 574.99959516 -1.33360731084e-134 326.999814273 -7.94028816862e-106 294.000195574 -1.78804464728e-115 95.0001208987 1.94246801664e-42 80.9985233014
15.2508361204 914.000405584 1.45443219876e-09 909.000257519 2.64337684167e-55 897.000312525 -8.9358416057e-139 742.000771104 -1.85241771999e-80 677.000004062 4.65705752975e-102 574.99959516 -5.94481355923e-135 326.999814273 -4.71615960967e-106 294.000195574 -8.12747302208e-116 95.0001208987 1.52085598825e-42 80.9985233014
15.3177257525 914.000405584 1.1998686914e-09 909.000257519 4.00443805523e-55 897.000312525 -1.61170839757e-139 742.000771104 -4.80565060009e-81 677.000004062 9.12668173676e-103 574.99959516 -6.47410807463e-136 326.999814273 -2.09131963149e-106 294.000195574 -1.07646560775e-116 95.0001208987 1.19056778421e-42 80.9985233014
15.3846153846 914.000405584 1.00876942557e-09 909.000257519 6.34907342367e-55 897.000312525 -9.64910954966e-140 742.000771104 -8.72814410046e-82 677.000004062 1.88796792515e-103 574.99959516 -2.89647423772e-136 326.999814273 -1.1259597446e-106 294.000195574 -4.7593397145e-117 95.0001208987 1.16644580484e-42 80.9985233014
15.4515050167 914.000405584 8.04238418081e-10 909.000257519 7.76847701093e-55 897.000312525 -3.8594403867e-140 742.000771104 2.09246245219e-81 677.000004062 -3.46962336969e-103 574.99959516 -3.57589177882e-137 326.999814273 -2.87033327137e-107 294.000195574 -2.07261912409e-118 95.0001208987 1.06084062467e-42 80.9985233014
15.5183946488 914.000405584 6.04605719423e-10 909.000257519 7.92058309071e-55 897.000312525 2.35399125219e-141 742.000771104 3.50370181504e-81 677.000004062 -5.92545128353e-103 574.99959516 9.42977845449e-137 326.999814273 2.84349158233e-107 294.000195574 2.26217539508e-117 95.0001208987 8.70824879478e-43 80.9985233014
15.5852842809 914.000405584 4.31337842889e-10 909.000257519 6.43570169407e-55 897.000312525 1.46978870259e-140 742.000771104 2.71185487149e-81 677.000004062 -4.36783642308e-103 574.99959516 8.54633328046e-137 326.999814273 4.27362060832e-107 294.000195574 2.00474069532e-117 95.0001208987 5.9545674139e-43 80.9985233014
15.652173913 914.000405584 2.73695949775e-10 909.000257519 4.17803922576e-55 897.000312525 1.33538528172e-140 742.000771104 9.29956207342e-82 677.000004062 -9.87344722909e-104 574.99959516 -6.95410200735e-138 326.999814273 3.62754848492e-107 294.000195574 3.37920916701e-118 95.0001208987 2.87268705782e-43 80.9985233014
15.7190635452 914.000405584 9.85870881386e-11 909.000257519 2.8940600193e-55 897.000312525 3.19886970842e-140 742.000771104 6.96642398718e-82 677.000004062 -3.30937616952e-104 574.99959516 -7.5528033755e-137 326.999814273 5.80995751409e-107 294.000195574 -1.00249951166e-119 95.0001208987 3.79155174922e-44 80.9985233014
15.7859531773 914.000405584 -4.57597693973e-11 909.000257519 1.51178619165e-55 897.000312525 4.06938576237e-140 742.000771104 2.3013453933e-82 677.000004062 6.52305283621e-104 574.99959516 -1.52771274171e-136 326.999814273 6.65077290314e-107 294.000195574 -6.98315784801e-118 95.0001208987 -1.72869386106e-43 80.9985233014
15.8528428094 914.000405584 -1.46062493812e-10 909.000257519 2.90993352603e-56 897.000312525 3.8310469522e-140 742.000771104 -2.39965999179e-82 677.000004062 1.44783941549e-103 574.99959516 -1.95750559783e-136 326.999814273 6.10695500465e-107 294.000195574 -1.27112941424e-117 95.0001208987 -3.07884219825e-43 80.9985233014
15.9197324415 914.000405584 -1.88034044365e-10 909.000257519 -4.60081744755e-56 897.000312525 2.38813009993e-140 742.000771104 -4.30547900826e-82 677.000004062 1.42750151681e-103 574.99959516 -1.52686399441e-136 326.999814273 4.18034026478e-107 294.000195574 -1.16826299124e-117 95.0001208987 -3.24836247762e-43 80.9985233014
15.9866220736 914.000405584 -1.36180790458e-10 909.000257519 -8.92098240434e-56 897.000312525 -1.74701428664e-140 742.000771104 -7.12352790406e-82 677.000004062 1.1473571543e-103 574.99959516 -4.274353636e-137 326.999814273 -1.01362209319e-107 294.000195574 -9.68958630113e-118 95.0001208987 -1.77621838294e-43 80.9985233014
16.0535117057 914.000405584 -1.72685596439e-10 909.000257519 -1.69968416963e-55 897.000312525 -2.21997803419e-140 742.000771104 -1.06820739941e-81 677.000004062 1.7110342209e-103 574.99959516 -7.05362118736e-137 326.999814273 -2.04511525272e-107 294.000195574 -1.40951407211e-117 95.0001208987 -2.26750809066e-43 80.9985233014
16.1204013378 914.000405584 -1.76368720946e-10 909.000257519 -2.31012732883e-55 897.000312525 -2.98066969064e-140 742.000771104 -1.40867656651e-81 677.000004062 2.22788209793e-103 574.99959516 -9.36779940278e-137 326.999814273 -3.49129914277e-107 294.000195574 -1.85857382638e-117 95.0001208987 -2.30443068621e-43 80.9985233014
16.1872909699 914.000405584 -1.57465466213e-10 909.000257519 -2.58050563468e-55 897.000312525 -3.36898326021e-140 742.000771104 -1.53215334832e-81 677.000004062 2.38294084825e-103 574.99959516 -9.93713487427e-137 326.999814273 -4.49998543819e-107 294.000195574 -2.00831229668e-117 95.0001208987 -1.99489199049e-43 80.9985233014
16.254180602 914.000405584 -1.26211134475e-10 909.000257519 -2.36789700385e-55 897.000312525 -2.72481274711e-140 742.000771104 -1.23703080144e-81 677.000004062 1.86125053473e-103 574.99959516 -7.48187419383e-137 326.999814273 -4.21898581382e-107 294.000195574 -1.55090388673e-117 95.0001208987 -1.44679782438e-43 80.9985233014
16.3210702341 914.000405584 -9.28410279665e-11 909.000257519 -1.529379353e-55 897.000312525 -3.88052155549e-141 742.000771104 -3.21701982473e-82 677.000004062 3.47851220222e-104 574.99959516 -7.22263953491e-138 326.999814273 -1.7961119445e-107 294.000195574 -1.7852300027e-118 95.0001208987 -7.6805400878e-44 80.9985233014
16.3879598662 914.000405584 1.85457293082e-11 909.000257519 -2.75273124308e-55 897.000312525 -5.53898194236e-140 742.000771104 -1.8887207105e-81 677.000004062 2.75765909052e-103 574.99959516 -1.03845540139e-136 326.999814273 -8.91748051386e-107 294.000195574 -2.53455437052e-117 95.0001208987 4.06977080954e-44 80.9985233014
16.4548494983 914.000405584 1.38094450388e-10 909.000257519 -3.93575361532e-55 897.000312525 -1.07064464711e-139 742.000771104 -3.44949638733e-81 677.000004062 5.15584154808e-103 574.99959516 -1.99574773089e-136 326.999814273 -1.60524820559e-106 294.000195574 -4.88417901048e-117 95.0001208987 1.64262526935e-43 80.9985233014
16.5217391304 914.000405584 2.56651147318e-10 909.000257519 -4.97105971071e-55 897.000312525 -1.53538714677e-139 742.000771104 -4.84390099621e-81 677.000004062 7.29309213437e-103 574.99959516 -2.84375337549e-136 326.999814273 -2.25063284057e-106 294.000195574 -6.9817265593e-117 95.0001208987 2.83692938386e-43 80.9985233014
16.5886287625 914.000405584 3.66302501501e-10 909.000257519 -5.79203499413e-55 897.000312525 -1.9086419454e-139 742.000771104 -5.95939826507e-81 677.000004062 8.99543333131e-103 574.99959516 -3.51381885024e-136 326.999814273 -2.77648278808e-106 294.000195574 -8.65284181143e-117 95.0001208987 3.89474897297e-43 80.9985233014
16.6555183946 914.000405584 4.59135194336e-10 909.000257519 -6.33206493048e-55 897.000312525 -2.15092529518e-139 742.000771104 -6.68345192183e-81 677.000004062 1.00888876208e-102 574.99959516 -3.93729067019e-136 326.999814273 -3.13137887987e-106 294.000195574 -9.72316956132e-117 95.0001208987 4.72094358517e-43 80.9985233014
16.7224080268 914.000405584 5.27235907227e-10 909.000257519 -6.52453498464e-55 897.000312525 -2.2227534483e-139 742.000771104 -6.90352569443e-81 677.000004062 1.03994774848e-102 574.99959516 -4.04551535037e-136 326.999814273 -3.26390194768e-106 294.000195574 -1.00183546034e-116 95.0001208987 5.22037276893e-43 80.9985233014
16.7892976589 914.000405584 5.62691321574e-10 909.000257519 -6.30283062149e-55 897.000312525 -2.08464265694e-139 742.000771104 -6.50708331081e-81 677.000004062 9.75322540517e-103 574.99959516 -3.76983940585e-136 326.999814273 -3.12263282327e-106 294.000195574 -9.36404173214e-117 95.0001208987 5.29789607274e-43 80.9985233014
16.856187291 914.000405584 5.57588118778e-10 909.000257519 -5.60033730592e-55 897.000312525 -1.69710917329e-139 742.000771104 -5.38158849888e-81 677.000004062 7.97615386383e-103 574.99959516 -3.04160935165e-136 326.999814273 -2.65615233837e-106 294.000195574 -7.58587574197e-117 95.0001208987 4.85837304507e-43 80.9985233014
16.9230769231 914.000405584 5.04012980241e-10 909.000257519 -4.35044050281e-55 897.000312525 -1.02066924952e-139 742.000771104 -3.41450498659e-81 677.000004062 4.89428534271e-103 574.99959516 -1.79217170284e-136 326.999814273 -1.81304132474e-106 294.000195574 -4.50950142735e-117 95.0001208987 3.80666323441e-43 80.9985233014
16.9899665552 914.000405584 4.09792559902e-10 909.000257519 -2.66163806151e-55 897.000312525 -1.14832171887e-140 742.000771104 -7.78587669111e-82 677.000004062 7.77486275972e-104 574.99959516 -1.30481135039e-137 326.999814273 -6.6866450335e-107 294.000195574 -4.04328870174e-118 95.0001208987 2.25283533895e-43 80.9985233014
17.0568561873 914.000405584 4.60734096824e-10 909.000257519 -2.62252052669e-55 897.000312525 -1.58476277603e-140 742.000771104 -8.7253664261e-82 677.000004062 9.14412433652e-104 574.99959516 -1.73806141813e-137 326.999814273 -7.32002234043e-107 294.000195574 -5.57667981679e-118 95.0001208987 2.62737154214e-43 80.9985233014
17.1237458194 914.000405584 5.03456174765e-10 909.000257519 -2.54809281151e-55 897.000312525 -1.97228780278e-140 742.000771104 -9.47167872752e-82 677.000004062 1.02910103529e-103 574.99959516 -2.12046839077e-137 326.999814273 -7.79904512895e-107 294.000195574 -6.93905310444e-118 95.0001208987 2.93859792946e-43 80.9985233014
17.1906354515 914.000405584 5.35871649507e-10 909.000257519 -2.43655849192e-55 897.000312525 -2.28248351733e-140 742.000771104 -9.95546039788e-82 677.000004062 1.11186406567e-103 574.99959516 -2.42291668203e-137 326.999814273 -8.07881417903e-107 294.000195574 -8.02946035892e-118 95.0001208987 3.16733252315e-43 80.9985233014
17.2575250836 914.000405584 5.55893376832e-10 909.000257519 -2.28612114388e-55 897.000312525 -2.48693663792e-140 742.000771104 -1.01073582397e-81 677.000004062 1.15301350957e-103 574.99959516 -2.6162907056e-137 326.999814273 -8.11443027066e-107 294.000195574 -8.74695337446e-118 95.0001208987 3.2943933454e-43 80.9985233014
17.3244147157 914.000405584 5.61434212522e-10 909.000257519 -2.09498434331e-55 897.000312525 -2.55723388274e-140 742.000771104 -9.8580190555e-82 677.000004062 1.14286135179e-103 574.99959516 -2.67147487521e-137 326.999814273 -7.86099418382e-107 294.000195574 -8.99058394531e-118 95.0001208987 3.30059841845e-43 80.9985233014
17.3913043478 914.000405584 5.5040701236e-10 909.000257519 -1.86135166616e-55 897.000312525 -2.46496197003e-140 742.000771104 -9.1380896478e-82 677.000004062 1.07171957709e-103 574.99959516 -2.55935360455e-137 326.999814273 -7.27360669849e-107 294.000195574 -8.6594038657e-118 95.0001208987 3.1667657645e-43 80.9985233014
17.4581939799 914.000405584 5.20724632127e-10 909.000257519 -1.58342668838e-55 897.000312525 -2.181707618e-140 742.000771104 -7.87821681911e-82 677.000004062 9.29900170277e-104 574.99959516 -2.25081130734e-137 326.999814273 -6.30736859465e-107 294.000195574 -7.65246492986e-118 95.0001208987 2.87371340577e-43 80.9985233014
17.525083612 914.000405584 4.70299927604e-10 909.000257519 -1.25941298591e-55 897.000312525 -1.67905754487e-140 742.000771104 -6.00904737196e-82 677.000004062 7.07715116121e-104 574.99959516 -1.71673239729e-137 326.999814273 -4.91738065229e-107 294.000195574 -5.86881893204e-118 95.0001208987 2.40225936448e-43 80.9985233014
17.5919732441 914.000405584 3.97045754575e-10 909.000257519 -8.87514134699e-56 897.000312525 -9.28598468854e-141 742.000771104 -3.46122810885e-82 677.000004062 3.95476399408e-104 574.99959516 -9.28001288106e-138 326.999814273 -3.0587436514e-107 294.000195574 -3.20751766646e-118 95.0001208987 1.73322166285e-43 80.9985233014
17.6588628763 914.000405584 3.14043741506e-10 909.000257519 -5.05696784763e-56 897.000312525 -8.99175747137e-142 742.000771104 -6.92450249528e-83 677.000004062 5.29832576385e-105 574.99959516 -4.99096152066e-139 326.999814273 -1.04723816765e-107 294.000195574 -2.34757894559e-119 95.0001208987 9.89875717479e-44 80.9985233014
17.7257525084 914.000405584 2.8864362372e-10 909.000257519 -2.94184761279e-56 897.000312525 4.80369494029e-143 742.000771104 -4.59697421712e-84 677.000004062 -1.1366076014e-105 574.99959516 5.67357917427e-139 326.999814273 -4.8902008259e-108 294.000195574 9.64723427598e-120 95.0001208987 8.05155390096e-44 80.9985233014
17.7926421405 914.000405584 2.62013056649e-10 909.000257519 -1.02431068754e-56 897.000312525 8.72737638814e-142 742.000771104 5.19198836161e-83 677.000004062 -6.72060315956e-105 574.99959516 1.48312834442e-138 326.999814273 1.00849229499e-109 294.000195574 3.8285875157e-119 95.0001208987 6.26956656173e-44 80.9985233014
17.8595317726 914.000405584 2.34579003334e-10 909.000257519 6.47702935525e-57 897.000312525 1.5474628434e-141 742.000771104 9.85055129529e-83 677.000004062 -1.12707647301e-104 574.99959516 2.217155993e-138 326.999814273 4.35196170418e-108 294.000195574 6.14775396959e-119 95.0001208987 4.59708753993e-44 80.9985233014
17.9264214047 914.000405584 2.06768426816e-10 909.000257519 2.0262532638e-56 897.000312525 2.04474908547e-141 742.000771104 1.33359878199e-82 677.000004062 -1.46041961327e-104 574.99959516 2.73838172725e-138 326.999814273 7.71432981261e-108 294.000195574 7.82596344012e-119 95.0001208987 3.07840921839e-44 80.9985233014
17.9933110368 914.000405584 1.79008290136e-10 909.000257519 3.0634003047e-56 897.000312525 2.33713288733e-141 742.000771104 1.54682943761e-82 677.000004062 -1.65380011866e-104 574.99959516 3.01574641125e-138 326.999814273 1.00391467693e-107 294.000195574 8.76695657816e-119 95.0001208987 1.75782397995e-44 80.9985233014
18.0602006689 914.000405584 1.51725556335e-10 909.000257519 3.71120406561e-56 897.000312525 2.39715077127e-141 742.000771104 1.60674674044e-82 677.000004062 -1.68892837115e-104 574.99959516 3.01819090908e-138 326.999814273 1.11776057886e-107 294.000195574 8.87447403457e-119 95.0001208987 6.79624207446e-45 80.9985233014
18.127090301 914.000405584 1.25347188454e-10 909.000257519 3.92172455395e-56 897.000312525 2.19733925962e-141 742.000771104 1.49535033455e-82 677.000004062 -1.54751475268e-104 574.99959516 2.71465608482e-138 326.999814273 1.09809000852e-107 294.000195574 8.05225646022e-119 95.0001208987 -1.11897716294e-45 80.9985233014
18.1939799331 914.000405584 1.00300149533e-10 909.000257519 3.64702177711e-56 897.000312525 1.71023487466e-141 742.000771104 1.19463986398e-82 677.000004062 -1.2112696452e-104 574.99959516 2.07408280256e-138 326.999814273 9.30022287334e-108 294.000195574 6.20404450597e-119 95.0001208987 -5.72449408437e-45 80.9985233014
18.2608695652 914.000405584 7.70114026151e-11 909.000257519 2.8391557425e-56 897.000312525 9.08374138714e-142 742.000771104 6.86614972817e-83 677.000004062 -6.61903430664e-105 574.99959516 1.06541192637e-138 326.999814273 5.98676736764e-108 294.000195574 3.23357882267e-119 95.0001208987 -6.57738486147e-45 80.9985233014
18.3277591973 914.000405584 5.5130085441e-11 909.000257519 1.95341447832e-56 897.000312525 9.72827599875e-143 742.000771104 1.69362731086e-83 677.000004062 -1.05967328224e-105 574.99959516 5.16557583578e-140 326.999814273 2.53704781437e-108 294.000195574 2.39271691593e-120 95.0001208987 -6.5442879385e-45 80.9985233014
18.3946488294 914.000405584 3.32908375634e-11 909.000257519 2.10143380304e-56 897.000312525 1.67959591505e-143 742.000771104 1.22807663607e-83 677.000004062 -4.32668683286e-106 574.99959516 -9.01958248808e-140 326.999814273 2.59352975613e-108 294.000195574 -1.22284114639e-120 95.0001208987 -1.28084215101e-44 80.9985233014
18.4615384615 914.000405584 1.35717649268e-11 909.000257519 2.16703722343e-56 897.000312525 -6.74086364953e-143 742.000771104 7.02458720544e-84 677.000004062 2.17725734941e-106 574.99959516 -2.27724323982e-139 326.999814273 2.51477104358e-108 294.000195574 -4.83359035832e-120 95.0001208987 -1.79014278003e-44 80.9985233014
18.5284280936 914.000405584 -3.68237262618e-12 909.000257519 2.15546757973e-56 897.000312525 -1.47603085478e-142 742.000771104 1.65138477675e-84 677.000004062 8.3678678022e-106 574.99959516 -3.50342077481e-139 326.999814273 2.32584796169e-108 294.000195574 -8.13955497805e-120 95.0001208987 -2.17301486731e-44 80.9985233014
18.5953177258 914.000405584 -1.81268152531e-11 909.000257519 2.0719677122e-56 897.000312525 -2.16059446326e-142 742.000771104 -3.35519179144e-84 677.000004062 1.36979126033e-105 574.99959516 -4.4746142391e-139 326.999814273 2.05183679546e-108 294.000195574 -1.08407592637e-119 95.0001208987 -2.42014259927e-44 80.9985233014
18.6622073579 914.000405584 -2.94168031113e-11 909.000257519 1.9217804611e-56 897.000312525 -2.65049777568e-142 742.000771104 -7.51149336521e-84 677.000004062 1.76201598306e-105 574.99959516 -5.08494701804e-139 326.999814273 1.71781382988e-108 294.000195574 -1.26372274736e-119 95.0001208987 -2.52221016233e-44 80.9985233014
18.72909699 914.000405584 -3.72075763583e-11 909.000257519 1.71014866668e-56 897.000312525 -2.8684613773e-142 742.000771104 -1.03338708106e-83 677.000004062 1.95873775618e-105 574.99959516 -5.22854249697e-139 326.999814273 1.34885534995e-108 294.000195574 -1.32289838657e-119 95.0001208987 -2.46990174289e-44 80.9985233014
18.7959866221 914.000405584 -4.11543751515e-11 909.000257519 1.44231516921e-56 897.000312525 -2.73720585343e-142 742.000771104 -1.13386749937e-83 677.000004062 1.90523338748e-105 574.99959516 -4.79952406123e-139 326.999814273 9.70037640645e-109 294.000195574 -1.23160526983e-119 95.0001208987 -2.25390152737e-44 80.9985233014
18.8628762542 914.000405584 -4.09124396483e-11 909.000257519 1.12352280893e-56 897.000312525 -2.17945178933e-142 742.000771104 -1.00422567806e-83 677.000004062 1.54677968474e-105 574.99959516 -3.69201509614e-139 326.999814273 6.06436986966e-109 294.000195574 -9.59845822962e-120 95.0001208987 -1.86489370218e-44 80.9985233014
18.9297658863 914.000405584 -3.61370100062e-11 909.000257519 7.59014426111e-57 897.000312525 -1.1179197703e-142 742.000771104 -5.9609670373e-84 677.000004062 8.28653455739e-106 574.99959516 -1.80013898706e-139 326.999814273 2.83129673902e-109 294.000195574 -4.77622471776e-120 95.0001208987 -1.29356245373e-44 80.9985233014
18.9966555184 914.000405584 -5.24049737124e-11 909.000257519 3.20772092353e-57 897.000312525 -3.75604485829e-142 742.000771104 -2.4172379153e-83 677.000004062 2.73335572539e-105 574.99959516 -5.18181268521e-139 326.999814273 -9.65420261339e-109 294.000195574 -1.46401067077e-119 95.0001208987 -1.42761211374e-44 80.9985233014
19.0635451505 914.000405584 -1.10160886977e-10 909.000257519 -2.12636687285e-57 897.000312525 -1.34497062282e-141 742.000771104 -8.46930971976e-83 677.000004062 9.64203527248e-105 574.99959516 -1.86745588474e-138 326.999814273 -3.90861347586e-108 294.000195574 -5.2596996273e-119 95.0001208987 -2.97714238528e-44 80.9985233014
19.1304347826 914.000405584 -1.6775817889e-10 909.000257519 -7.82973598724e-57 897.000312525 -2.3301021658e-141 742.000771104 -1.46311937639e-82 677.000004062 1.66606599215e-104 574.99959516 -3.23515263631e-138 326.999814273 -6.94299869261e-108 294.000195574 -9.11156964332e-119 95.0001208987 -4.50358582992e-44 80.9985233014
19.1973244147 914.000405584 -2.2498591837e-10 909.000257519 -1.38516752102e-56 897.000312525 -3.32548122849e-141 742.000771104 -2.08677219295e-82 677.000004062 2.37501871176e-104 574.99959516 -4.61386611651e-138 326.999814273 -1.00486139778e-107 294.000195574 -1.29984467785e-118 95.0001208987 -6.00225778627e-44 80.9985233014
19.2642140468 914.000405584 -2.81633174334e-10 909.000257519 -2.01414733323e-56 897.000312525 -4.32558992459e-141 742.000771104 -2.71437260985e-82 677.000004062 3.0871574306e-104 574.99959516 -5.99619091863e-138 326.999814273 -1.32054973978e-107 294.000195574 -1.68991570925e-118 95.0001208987 -7.46847359295e-44 80.9985233014
19.3311036789 914.000405584 -3.37489015701e-10 909.000257519 -2.66484191441e-56 897.000312525 -5.32491036784e-141 742.000771104 -3.34240381527e-82 677.000004062 3.79857789318e-104 574.99959516 -7.37472163595e-138 326.999814273 -1.63936870187e-107 294.000195574 -2.0792526645e-118 95.0001208987 -8.89754858858e-44 80.9985233014
19.397993311 914.000405584 -3.92342511388e-10 909.000257519 -3.33218014361e-56 897.000312525 -6.31792467195e-141 742.000771104 -3.9673489974e-82 677.000004062 4.50537584402e-104 574.99959516 -8.74205286174e-138 326.999814273 -1.95932209068e-107 294.000195574 -2.46573814957e-118 95.0001208987 -1.02847981118e-43 80.9985233014
19.4648829431 914.000405584 -4.45982730313e-10 909.000257519 -4.01109089989e-56 897.000312525 -7.29911495063e-141 742.000771104 -4.58569134443e-82 677.000004062 5.20364702764e-104 574.99959516 -1.00907791893e-137 326.999814273 -2.27841371284e-107 294.000195574 -2.84725477043e-118 95.0001208987 -1.16255375011e-43 80.9985233014
19.5317725753 914.000405584 -4.98198741394e-10 909.000257519 -4.69650306231e-56 897.000312525 -8.26296331761e-141 742.000771104 -5.19391404454e-82 677.000004062 5.88948718854e-104 574.99959516 -1.14134952119e-137 326.999814273 -2.59464737498e-107 294.000195574 -3.22168513303e-118 95.0001208987 -1.29150820953e-43 80.9985233014
19.5986622074 914.000405584 -5.48779613548e-10 909.000257519 -5.38334550991e-56 897.000312525 -9.2039518866e-141 742.000771104 -5.78850028592e-82 677.000004062 6.55899207125e-104 574.99959516 -1.27027955228e-137 326.999814273 -2.9060268837e-107 294.000195574 -3.58691184335e-118 95.0001208987 -1.41487472328e-43 80.9985233014
19.6655518395 914.000405584 -5.97514415694e-10 909.000257519 -6.06654712176e-56 897.000312525 -1.01165627713e-140 742.000771104 -6.36593325675e-82 677.000004062 7.20825742029e-104 574.99959516 -1.39512747152e-137 326.999814273 -3.21055604566e-107 294.000195574 -3.94081750736e-118 95.0001208987 -1.53218482524e-43 80.9985233014
19.7324414716 914.000405584 -6.4419221675e-10 909.000257519 -6.74103677692e-56 897.000312525 -1.09952780855e-140 742.000771104 -6.92269614523e-82 677.000004062 7.83337898016e-104 574.99959516 -1.51515273826e-137 326.999814273 -3.50623866745e-107 294.000195574 -4.28128473102e-118 95.0001208987 -1.64297004926e-43 80.9985233014
19.7993311037 914.000405584 -6.88602085633e-10 909.000257519 -7.40174335443e-56 897.000312525 -1.18345799428e-140 742.000771104 -7.45527213953e-82 677.000004062 8.43045249539e-104 574.99959516 -1.62961481181e-137 326.999814273 -3.79107855572e-107 294.000195574 -4.6061961203e-118 95.0001208987 -1.74676192921e-43 80.9985233014
19.8662207358 914.000405584 -7.30533091261e-10 909.000257519 -8.04359573335e-56 897.000312525 -1.2628950457e-140 742.000771104 -7.96014442784e-82 677.000004062 8.9955737105e-104 574.99959516 -1.73777315151e-137 326.999814273 -4.06307951709e-107 294.000195574 -4.91343428116e-118 95.0001208987 -1.84309199894e-43 80.9985233014
19.9331103679 914.000405584 -7.69774302552e-10 909.000257519 -8.66152279274e-56 897.000312525 -1.33728717419e-140 742.000771104 -8.43379619835e-82 677.000004062 9.52483836999e-104 574.99959516 -1.83888721667e-137 326.999814273 -4.32024535818e-107 294.000195574 -5.20088181958e-118 95.0001208987 -1.93149179232e-43 80.9985233014
20.0 914.000405584 -8.06114788425e-10 909.000257519 -9.25045341166e-56 897.000312525 -1.4060825911e-140 742.000771104 -8.87271063925e-82 677.000004062 1.00143422184e-103 574.99959516 -1.93221646664e-137 326.999814273 -4.56057988561e-107 294.000195574 -5.46642134152e-118 95.0001208987 -2.01149284321e-43 80.9985233014
