0.0 20.0 0.001 27.0 0.001 62.0 0.001 5.0 0.001 36.0 0.001 48.0 0.001 29.0 0.001 54.0 0.001 47.0 0.001 34.0
0.066889632107 20.0000002216 0.00159716095614 27.0000028363 0.0103931524648 61.9999969597 2.2090256713e-05 5.00000199076 0.00795328610492 35.9999983233 0.00223150489219 47.9999997169 0.000280578605223 29.0000010454 0.00532410272094 53.999998993 0.000626111248267 46.9999999766 0.000419134037397 33.9999999366
0.133779264214 20.0000007867 0.00255093442225 27.0003325785 0.108016385402 61.9996666523 4.87922557162e-07 5.00012902611 0.0632543506457 35.9998729394 0.00497962070721 47.9999980693 7.87243031075e-05 29.0000320482 0.0283459745154 53.9999680204 0.000392015449973 46.9999999536 0.000175673223015 33.9999999255
0.200668896321 20.0000022289 0.00407632762108 27.0359732501 1.12148449559 61.9640245386 1.07838124301e-08 5.00816246314 0.50294846301 35.9918477265 0.0111134741959 47.9999898454 2.20887215977e-05 29.0009109279 0.15091125391 53.9990891537 0.000245449541275 46.9999999423 7.36305777068e-05 33.9999999235
0.267558528428 20.0000060183 0.00685925822288 30.5004744435 10.5006223838 58.4995195557 2.52971561899e-10 5.50796118113 3.93556375808 35.4920901949 0.0250021003972 47.999948659 6.20071027951e-06 29.025797458 0.802664684162 53.9742026289 0.000153755234335 46.9999999374 3.08610596182e-05 33.9999999232
0.334448160535 20.000046159 0.0374778137093 59.3083814841 9.32527152088 29.6915723745 2.71687203968e-11 20.9056415264 15.4947864496 20.0946885458 0.0792958913132 47.9996699629 1.76417628639e-06 29.7111830409 4.15617466841 53.288817048 9.76166625725e-05 46.9999999354 1.29349113942e-05 33.9999999231
0.401337792642 20.0085437501 0.597817977082 61.9645102365 0.971356840156 27.0269460309 3.44069112479e-11 35.5424403504 3.74202074901 5.48244725139 1.01497236772 47.9751124333 6.60220279659e-07 40.3386297457 12.4459337091 42.6613703441 8.14950222397e-05 46.9999999344 5.42145781412e-06 33.9999999231
0.468227424749 22.2199630709 9.39714745298 59.7798562483 0.0960981180653 27.0001806982 6.23439795744e-11 35.9959267284 0.516959916967 11.3519507008 15.2478219265 41.6521226059 7.34449545742e-07 52.9806568754 4.94407430968 30.0193432165 0.000186799684895 46.9999999324 2.27231590308e-06 33.9999999231
0.535117056856 59.4351806314 10.0569452548 22.5649944249 0.0364150074613 26.9998249612 1.13875456659e-10 36.0162252137 0.446719949786 47.2078961424 5.72200685315 5.77587867907 7.39673060574e-06 53.9625414725 0.966649976954 29.0374586383 0.00061032038937 46.9999999135 9.52404266903e-07 33.9999999231
0.602006688963 61.990066511 0.645130056041 20.0103866854 0.0563611543071 26.9995468211 2.08477944147e-10 36.08097489 0.982519731844 47.9164537994 0.329207814671 5.00257134639 0.000194187206194 53.9986515928 0.18182499542 29.0013487262 0.00203301035494 46.9999997045 3.99184766023e-07 33.9999999231
0.66889632107 61.9999434791 0.0388758697003 20.0012133045 0.0899980640777 26.9988432339 3.85731416445e-10 36.3927254741 2.13508424572 47.6072223844 0.0187979642778 5.0000527175 0.00514797442484 53.9999268854 0.034153271167 29.0000752153 0.00677679055947 46.9999973827 1.67311815159e-07 33.9999999231
0.735785953177 61.9999793382 0.0023423130303 20.0029715424 0.143704265684 26.9970491369 7.48815335689e-10 37.7302932638 4.21540717583 46.2696628865 0.00112605262981 5.00042405556 0.136481002962 53.9995922677 0.00641492534852 29.0000560026 0.0225901264246 46.9999715832 7.01260772717e-08 33.9999999231
0.802675585284 61.9999794684 0.000141154800678 20.0075438381 0.229368504684 26.992476711 1.71570641683e-09 41.4746777581 5.97694928898 42.5252784232 7.98135065596e-05 5.26580700419 3.59875154657 53.7342108764 0.00120817800779 29.0003410924 0.0753021440514 46.9996849051 2.93924391764e-08 33.9999999231
0.869565217391 61.9999794689 8.51073225705e-06 20.0191806884 0.365728199747 26.9808398603 5.26062284993e-09 45.6824095502 4.73704144156 38.3175466313 1.65439163812e-05 43.860808308 19.8498224639 15.1392096362 0.000497556410039 29.0035259733 0.250972477314 46.9964999603 1.23204530678e-08 33.9999999231
0.936454849498 61.9999794689 5.13802754574e-07 20.0486906314 0.581656637958 26.9513299173 1.97514160888e-08 47.4496105422 2.51025281315 36.5503456395 4.5171994646e-05 53.9817906948 0.943716449118 5.01822744623 0.00220903253215 29.0388411008 0.834965698122 46.961184636 5.16899175771e-09 33.9999999231
1.00334448161 61.9999794689 3.11196340131e-08 20.1228500823 0.919086916239 26.8771704664 7.9407858353e-08 47.8852392587 1.16771739651 36.1147169241 0.00014776654309 53.9999489036 0.0356092635122 5.0000741313 0.0111173262476 29.4221311561 2.72393044143 46.5778896857 2.18999232014e-09 33.9999999231
1.07023411371 61.9999794689 1.90008836003e-09 20.305047995 1.42903735326 26.6949725537 3.26642926911e-07 47.9767497602 0.527317132526 36.0232064348 0.0004906891072 53.9999747392 0.0013431492273 5.00018690209 0.0615744820052 32.7913032544 7.33967508793 43.2085789688 1.02094711532e-09 33.9999999231
1.13712374582 61.9999794689 1.18272250251e-10 20.7288638303 2.13791466587 26.2711567184 1.37398710679e-06 47.9952970391 0.236672065261 36.0046592909 0.00163443005793 53.9999746409 5.06684767393e-05 5.00837268101 0.542324814249 42.4525873453 7.81779150615 33.5391090622 7.57054144393e-10 33.9999999231
1.20401337793 61.9999794689 7.67887540778e-12 21.6007489832 2.93985344736 25.3992715655 6.03206871834e-06 47.9990286256 0.106092623022 36.0009292048 0.00544746823061 53.9999731406 1.94648782685e-06 6.46528624738 7.61985742602 45.0185039136 3.0983535067 29.5162789275 9.28710596277e-10 33.9999999231
1.27090301003 61.9999794689 5.38420974982e-13 23.0143053619 3.4661249949 23.9857151869 2.86030426612e-05 47.9997782815 0.047546177396 36.0001962187 0.0181583622779 53.9999564707 2.34114325937e-07 42.8837061166 12.3570058107 9.41128660302 3.00358930966 28.7050763688 1.28894139819e-09 33.9999999231
1.33779264214 61.9999794689 4.18899039276e-14 24.6102728213 3.31922412964 22.3897477283 0.000150498482866 47.9999288379 0.0213071996803 36.0002308904 0.0605292679692 53.9997712417 1.38961426675e-07 46.9703608965 0.958108766196 11.3885505422 10.597823673 22.6411576497 2.08303565099e-09 33.9999999231
1.40468227425 61.9999794689 3.58797878843e-15 25.8178140698 2.62254024579 21.1822065075 0.000871781395494 47.9999590465 0.00954894485146 36.002258652 0.201748891249 53.9977132438 8.6963882064e-08 46.9986953444 0.156202140113 26.5882860402 7.21743263099 7.41308770384 7.8676157093e-09 33.9999999231
1.47157190635 61.9999794689 3.27024983478e-16 26.4835341513 1.82989540662 20.5164874541 0.00537371046457 47.9999640926 0.00428187915103 36.0250893859 0.671669412506 53.9748764357 5.4481907133e-08 46.9998631214 0.0445437139831 28.8924261567 1.60413393426 5.10777981041 5.20298481654e-08 33.9999999231
1.53846153846 61.9999794689 3.07517894739e-17 26.7880288909 1.19952830531 20.2120337905 0.0341743876839 47.9999242412 0.00193231615238 36.2750048145 2.20785570587 53.7249597825 3.43512691532e-08 46.9999631938 0.0133338763425 28.9956669818 0.32353454568 5.0044389128 3.61208252246e-07 33.9999999231
1.60535117057 61.9999794689 2.93151170661e-18 26.9153473413 0.765148844069 20.0864138025 0.220309110036 47.9982260354 0.00093044520882 38.6469840309 6.37491254604 51.3529803096 2.31094883008e-08 46.9999721815 0.00399966557318 28.9998445208 0.0649834190116 5.00025238616 2.512825577e-06 33.9999999231
1.67224080268 61.9999794689 2.81026419622e-19 26.9665975207 0.483231570088 20.1062184348 1.42467977017 47.927171299 0.000658396506129 47.8267688238 8.54453331094 42.1731954413 2.28182524366e-08 46.9999729903 0.00119985054295 29.000012572 0.0130500468198 5.00008352617 1.74824756692e-05 33.9999999231
1.73913043478 61.9999794689 2.70010416901e-20 26.9873373072 0.319273803764 22.7859516518 8.36133788822 45.2266983659 0.000858329461192 53.1923847957 3.7261800352 36.807579399 3.94997501326e-08 46.9999730631 0.000359941670375 29.000019309 0.00262071000274 5.00007671694 0.000121631321821 33.9999999226
1.80602006689 61.9999794689 2.59697921204e-21 27.0028259857 0.45134382213 43.0338092395 10.685540407 24.9633524248 0.00283304067915 53.9242045931 1.16539045175 36.0757592764 8.07401982744e-08 46.9999730696 0.000107978459103 29.000019577 0.000526290524471 5.0000764665 0.000846228299981 33.9999998984
1.872909699 61.9999794689 2.50561373591e-22 27.1297653213 1.66268252329 47.7250839582 1.99217672182 20.1451567495 0.0249886457129 53.993112043 0.350947708831 36.0068334476 1.68191378419e-07 46.9999730702 3.23923255756e-05 29.0000195875 0.00010568957664 5.000077626 0.00588748337241 33.9999987278
1.9397993311 61.9999794689 2.52590094975e-23 28.991958993 6.15495135245 46.0032941751 0.322457062506 20.0064608032 0.242212948438 53.997632966 0.10531922754 36.0006045823 3.50974776896e-07 46.9999730703 9.71733393966e-06 29.0000195879 2.1224581884e-05 5.00013428655 0.0409610509524 33.9999420668
2.00668896321 61.9999794689 3.82748348666e-24 40.3366588585 10.109704319 34.6627353398 0.0782433480336 20.1628397145 2.34302267952 53.8376740524 0.0316703549793 36.0000435545 7.3251492774e-07 46.9999730703 2.91509092146e-06 29.0000195879 4.26251694192e-06 5.00287665657 0.284952238353 33.9971996968
2.07357859532 61.9999794689 1.21624585174e-24 47.2974165108 3.77636305963 27.7024182718 0.0477551928426 30.6005467463 15.7493886754 43.3995791472 0.0114249777065 35.9999908435 1.52884421875e-06 46.9999730703 8.74494509798e-07 29.0000195879 8.57954545362e-07 5.13500080405 1.97347049859 33.8650755493
2.14046822742 61.9999794689 4.6923251281e-25 47.956311538 0.956985873206 27.0445790702 0.161566773036 53.2228253761 5.07819600938 20.7762683182 0.0188184706146 35.9999672171 3.19088221711e-06 46.9999730703 2.62338524785e-07 29.0000195879 1.90348231286e-07 10.3508579487 11.2490671862 28.6492184046
2.20735785953 61.9999794689 1.83766721708e-25 47.9973802354 0.23549498841 27.0375091197 0.969982089533 53.9566687995 0.534831227566 20.0085888392 0.0542518298969 35.9998045257 6.6597864786e-06 46.9999730703 7.86986089971e-08 29.0000195879 1.19338657858e-07 31.573585165 8.0298383473 7.4264911883
2.27424749164 61.9999794689 7.20352992599e-26 47.9998737867 0.0591382535461 28.2346636357 5.63980258199 52.7653683155 0.0563029551334 20.0016211155 0.158168784646 35.9984246663 1.39003701985e-05 46.9999730702 2.36086981396e-08 29.0000195879 1.59758729769e-07 33.9453863689 1.25717287616 5.05468998439
2.34113712375 61.9999794689 2.82389540365e-26 48.0000559595 0.0236196578666 44.2693361719 12.9630435868 36.7306142393 0.00942860544535 20.0132441202 0.460892255828 35.9867010288 2.90223706495e-05 46.9999730702 7.08234407156e-09 29.0000195879 2.23003627793e-07 33.9988592935 0.181031995082 5.00121705984
2.40802675585 61.9999794689 1.10701820838e-26 48.0001381953 0.0284316101744 53.5952985888 3.28016445005 27.4045754662 0.00477178397762 20.1122397025 1.33567061679 35.887699567 6.07615906249e-05 46.9999730699 2.12462365623e-09 29.0000195879 3.11567216991e-07 33.9999660821 0.0260214023247 5.00011027119
2.47491638796 61.9999794689 4.33974559391e-27 48.0003021623 0.0421598331283 53.9886150161 0.546936166404 27.0110970571 0.00304288157809 20.9070257108 3.70006464141 35.0929115748 0.000130112927699 46.9999730688 6.37363208302e-10 29.0000195879 4.35311056928e-07 33.999988949 0.00374015440428 5.00008740434
2.54180602007 61.9999794689 1.70130061614e-27 48.0006668457 0.0629628271982 53.9990360741 0.0899039724876 27.0003122102 0.0022741248415 25.4113379134 7.56963720715 30.5885984839 0.000324216005254 46.9999730626 1.91201778793e-10 29.0000195879 6.08201951684e-07 33.9999894215 0.000537585133689 5.00008693184
2.60869565217 61.9999794689 6.66981985885e-28 48.0014804063 0.0940419192306 53.9985138255 0.0147730027235 27.000021649 0.00267809128186 33.0069392068 6.23942989276 22.9929965084 0.0012727577114 46.9999729939 5.73583830477e-11 29.0000195879 8.4975929532e-07 33.9999894313 7.72690670257e-05 5.00008692208
2.67558528428 61.9999794689 2.61507049563e-28 48.0032950674 0.140439256746 53.9967070299 0.00242767348792 27.0000154116 0.00446785128199 35.5784172328 2.56268114929 20.4215187046 0.0070781076422 46.9999711436 1.7206870146e-11 29.0000195879 1.18725508543e-06 33.9999894315 1.11061588239e-05 5.00008692188
2.74247491639 61.9999794689 1.02549494832e-28 48.0073405288 0.209649554678 53.9926617811 0.000399017444964 27.0000202839 0.00806190410444 35.9492191156 0.899734518117 20.0507772574 0.0425749142159 46.9999056231 5.16187302653e-12 29.0000195879 1.65879284364e-06 33.9999894315 1.59632449112e-06 5.00008692188
2.80936454849 61.9999794689 4.02312714571e-29 48.0163483277 0.312708114918 53.9836539879 6.56105945583e-05 27.0000370939 0.0146985815803 35.9939734936 0.309424065713 20.0084196757 0.258733105545 46.9974920111 1.54857290774e-12 29.0000195879 2.31760952798e-06 33.9999894315 2.29445030024e-07 5.00008692188
2.8762541806 61.9999794689 1.57977225932e-29 48.0363519247 0.465568252062 53.9636503911 1.07983402156e-05 27.0000930951 0.026831711445 35.9992017267 0.106320890849 20.0921827858 1.56924335653 46.9084446665 4.65322483987e-13 29.0000195879 3.23808602432e-06 33.9999894315 3.29788495827e-08 5.00008692188
2.94314381271 61.9999794689 6.21601434797e-30 48.0805113071 0.690325707836 53.9194910087 1.78087075757e-06 27.0002797476 0.0489867308315 35.9996480991 0.0386250588637 23.0207011593 8.51078091062 43.9792932681 1.4787212152e-13 29.0000195879 4.52414480302e-06 33.9999894315 4.74019100507e-09 5.00008692188
3.01003344482 61.9999794689 2.45682584896e-30 48.1767333684 1.01446023079 53.8232689474 2.95027361343e-07 27.0009018828 0.0894325756524 35.9991499635 0.0297143919792 42.2347719061 10.2933123144 24.7650985217 9.95111209238e-14 29.0000195879 6.32098284097e-06 33.9999894315 6.81325745046e-10 5.00008692188
3.07692307692 61.9999794689 9.80426717155e-31 48.3805688608 1.46237649492 53.619433455 4.93520735287e-08 27.002975143 0.163247758117 35.9973071618 0.0564474079894 46.8443787334 2.04191862276 20.155261236 1.65352152456e-13 29.0000195879 8.83146446782e-06 33.9999894314 9.79294769723e-11 5.00008692188
3.14381270903 61.9999794689 3.99071243119e-31 48.787704499 2.02625619527 53.2122978168 8.42288402621e-09 27.0098797313 0.29783804865 35.9913704315 0.117517234562 46.9945116028 0.33740424629 20.0041605086 3.01051937964e-13 29.000019588 1.23390248981e-05 33.9999894314 1.40758241714e-11 5.00008692188
3.21070234114 61.9999794689 1.68615106073e-31 49.5131219389 2.60560187051 52.4868803769 1.49353651057e-09 27.0328247707 0.542501544346 35.9726423502 0.245473630184 46.9943972221 0.0554569418552 20.0000579311 5.49615293993e-13 29.000019588 1.72396702724e-05 33.9999894314 2.02318375018e-12 5.00008692188
3.27759197324 61.9999794689 7.56710571869e-32 50.576385037 2.96993605325 51.4236172787 2.82124510314e-10 27.1085476535 0.982949108464 35.9153544262 0.5136481603 46.9760731332 0.00911956329775 19.9999470612 1.0034790197e-12 29.000019588 2.40866870356e-05 33.9999894313 2.90798519127e-13 5.00008692188
3.34448160535 61.9999794689 3.66782939638e-32 51.7605896121 2.90197790887 50.2394127036 5.81174555995e-11 27.3530393122 1.75185533235 35.7519422188 1.07911392072 46.8949966842 0.00150389667151 19.9999440589 1.83213998673e-12 29.0000195882 3.36531083945e-05 33.9999894312 4.17974516528e-14 5.00008692188
3.41137123746 61.9999794689 1.91393675907e-32 52.7361239597 2.4465994365 49.2638783561 1.32836575933e-11 28.0927876801 2.97637793711 35.3725699547 2.27879620042 46.5346206624 0.000251128797239 19.9999439769 3.34509944628e-12 29.0000195884 4.70189903208e-05 33.999989431 6.00768813347e-15 5.00008692188
3.47826086957 61.9999794689 1.05364561497e-32 53.3591168247 1.85325243137 48.6408854911 3.48335832054e-12 29.992042471 4.51965510193 35.0489665131 4.68410795171 44.9589693154 4.43244626648e-05 19.9999439746 6.10744288046e-12 29.0000195888 6.56933506635e-05 33.9999894306 8.63504668539e-16 5.00008692188
3.54515050167 61.9999794689 5.98554438612e-33 53.6948098047 1.3183238061 48.305192511 1.13376036587e-12 33.6716832946 5.88069922013 36.669884827 7.53592736586 39.658410178 9.69834546931e-06 19.9999439745 1.11508967397e-11 29.0000195896 9.17845383662e-05 33.9999894298 1.24114860726e-16 5.00008692188
3.61204013378 61.9999794689 3.45559717275e-33 53.8592835437 0.908006353692 48.140718772 5.09680411425e-13 39.0564927502 6.57949885337 38.6489540277 6.53185907588 32.2945315217 3.37037641371e-06 19.9999439745 2.03591749302e-11 29.0000195912 0.000128238267594 33.9999894282 1.78394892073e-17 5.00008692188
3.67892976589 61.9999794689 2.01046457551e-33 53.936112057 0.615811731445 48.0638902588 3.32620760565e-13 43.9911192203 5.1670642083 37.3196721742 3.8441456621 28.6891869052 1.70603444636e-06 19.9999439745 3.7171539979e-11 29.0000195944 0.000179170191007 33.999989425 2.56413458822e-18 5.00008692188
3.74581939799 61.9999794689 1.17386677931e-33 53.971198749 0.414675986072 48.0288035667 2.76774803288e-13 46.1919697238 2.90945574896 36.2874822266 2.1458485361 27.5205263492 9.99465016233e-07 19.9999439745 6.78673567054e-11 29.0000196005 0.000250330559905 33.9999894189 3.68552900907e-19 5.00008692188
3.8127090301 61.9999794689 6.86507035424e-34 53.9870570495 0.278331426107 48.0129452663 2.51181562126e-13 46.8078395646 1.44689469646 36.0336600465 1.18943944223 27.1584786885 6.13148442266e-07 19.9999439745 1.23911417807e-10 29.0000196124 0.000349753431891 33.999989407 5.29747717964e-20 5.00008692188
3.87959866221 61.9999794689 4.01780199863e-34 53.9941909738 0.186543840447 48.005811342 2.33209560575e-13 46.9555827407 0.698343224207 35.9965435234 0.655136372306 27.0478520355 3.81531706348e-07 19.9999439745 2.26236012057e-10 29.0000196357 0.000488663721502 33.9999893837 7.61443023342e-21 5.00008692188
3.94648829431 61.9999794689 2.3522026146e-34 53.997393406 0.124943702742 48.0026089097 2.17723028587e-13 46.9897837412 0.335014282538 35.995795439 0.359605849991 27.0143991195 2.38435689031e-07 19.9999439745 4.13059125011e-10 29.0000196812 0.000682744502844 33.9999893382 1.0942371808e-21 5.00008692188
4.01337792642 61.9999794689 1.37728862821e-34 53.9988296156 0.0836603866885 48.0011727002 2.03538639959e-13 46.9976450872 0.160539936416 35.997999356 0.197110950186 27.0043338564 1.49203046718e-07 19.9999439745 7.54158762012e-10 29.0000197699 0.000953907635112 33.9999892495 1.57052726002e-22 5.00008692188
4.08026755853 61.9999794689 8.0649889826e-35 53.9994734478 0.0560103093858 48.000528868 1.90343307052e-13 46.9994501554 0.0769189215476 35.9992169412 0.107987632841 27.001311203 9.34015522303e-08 19.9999439745 1.37693442652e-09 29.0000199432 0.00133276760299 33.9999890762 2.24850455033e-23 5.00008692188
4.14715719064 61.9999794689 4.72275489237e-35 53.9997620138 0.0374964666833 48.000240302 1.78019946594e-13 46.9998646022 0.0368535510224 35.9997096118 0.0591510628638 27.0004040857 5.84765208664e-08 19.9999439745 2.51399075582e-09 29.0000202814 0.00186209791025 33.999988738 3.25326833868e-24 5.00008692188
4.21404682274 61.9999794689 2.76562168177e-35 53.9998913376 0.0251015875753 48.0001109781 1.66499061553e-13 46.9999597467 0.0176574465347 35.9998866262 0.0323986320502 27.0001319267 3.6612069075e-08 19.9999439745 4.59001561575e-09 29.0000209417 0.00260166019004 33.9999880777 5.6419283307e-25 5.00008692188
4.28093645485 61.9999794689 1.61954384559e-35 53.9999492933 0.0168037752939 48.0000530224 1.5572521678e-13 46.9999815911 0.00846015309771 35.9999464319 0.0177452871475 27.0000502767 2.29230084506e-08 19.9999439745 8.38039895533e-09 29.0000222305 0.00363495112879 33.9999867889 2.07320993166e-25 5.00008692188
4.34782608696 61.9999794689 9.48404930636e-36 53.9999752653 0.0112489043844 48.0000270504 1.45649027149e-13 46.9999866057 0.00405349084026 35.9999659117 0.00971934397467 27.0000257822 1.43522613699e-08 19.9999439745 1.53008402948e-08 29.0000247465 0.00507862883809 33.9999842729 1.71647904776e-25 5.00008692188
4.41471571906 61.9999794689 5.55386623702e-36 53.9999869042 0.00753030466868 48.0000154116 1.36225003334e-13 46.9999877569 0.00194213964742 35.9999721086 0.00532341254608 27.0000184342 8.98606320933e-09 19.9999439745 2.79361126473e-08 29.0000296578 0.00709568233622 33.9999793616 6.88446114202e-26 5.00008692188
4.48160535117 61.9999794689 3.2523496024e-36 53.9999921199 0.00504097333187 48.0000101958 1.27410821603e-13 46.9999880212 0.000930532443565 35.9999740487 0.00291570096854 27.0000162298 5.62624593957e-09 19.9999439745 5.10054886765e-08 29.0000392449 0.00991382958802 33.9999697744 5.86150427194e-26 5.00008692188
4.54849498328 61.9999794689 1.90457963333e-36 53.9999944573 0.0033745513626 48.0000078585 1.19166974554e-13 46.9999880819 0.000445843980841 35.9999746493 0.0015969664381 27.0000155684 3.52263780573e-09 19.9999439745 9.31254221247e-08 29.0000579597 0.0138512172732 33.9999510596 3.18825597379e-26 5.00008692188
4.61538461538 61.9999794689 1.11532412359e-36 53.9999955047 0.00225900708147 48.0000068111 1.11456540366e-13 46.9999880958 0.000213616241803 35.9999748338 0.00087467874576 27.0000153701 2.20555190278e-09 19.9999439745 1.70027969784e-07 29.000094492 0.0193523133044 33.9999145274 2.59624980454e-26 5.00008692188
4.68227424749 61.9999794689 6.53135181145e-37 53.9999959741 0.00151223435516 48.0000063417 1.04244997755e-13 46.999988099 0.000102349478906 35.9999748901 0.000479072623612 27.0000153105 1.38091382258e-09 19.9999439745 3.1043736886e-07 29.0001658041 0.0270380153309 33.9998432153 2.3485394779e-26 5.00008692188
4.7491638796 61.9999794689 3.82476775587e-37 53.9999961844 0.00101232646198 48.0000061313 9.75000637648e-14 46.9999880997 4.90384806613e-05 35.9999749072 0.000262394141304 27.0000152927 8.64601276442e-10 19.9999439745 5.66800946624e-07 29.0003050048 0.0377755534787 33.9997040146 8.07504815296e-26 5.00008692188
4.81605351171 61.9999794689 2.23979214889e-37 53.9999962787 0.000677676141703 48.0000060371 9.11915461764e-14 46.9999880999 2.34959496836e-05 35.9999749124 0.000143717022684 27.0000152873 5.41334208187e-10 19.9999439745 1.03489073776e-06 29.0005767158 0.0527758698569 33.9994323036 5.69042518134e-23 5.00008692188
4.88294314381 61.9999794689 1.31163202468e-37 53.9999963209 0.000453653370571 48.0000059948 8.52912070944e-14 46.9999880999 1.12577711919e-05 35.999974914 7.87163744679e-05 27.0000152857 3.38934586879e-10 19.9999439745 1.88960401976e-06 29.0011070359 0.0737288656002 33.9989019835 -8.84693621207e-24 5.00008692188
4.94983277592 61.9999794689 7.68101964822e-38 53.9999963398 0.000303687242537 48.0000059759 7.97726360273e-14 46.9999880999 5.39417774966e-06 35.9999749144 4.31148582434e-05 27.0000152852 2.12210796693e-10 19.9999439745 3.45041664842e-06 29.0021419579 0.102990204837 33.9978670615 -6.35857409777e-23 5.00008692188
5.01672240803 61.9999794689 4.49804424717e-38 53.9999963483 0.000203296123732 48.0000059674 7.46111314545e-14 46.9999880999 2.5841937294e-06 35.9999749146 2.36145830381e-05 27.0000152851 1.32867539869e-10 19.9999439745 6.30110008898e-06 29.0041610023 0.143836388925 33.9958480171 1.47616387503e-22 5.00008692188
5.08361204013 61.9999794689 2.63407622237e-38 53.9999963521 0.000136091693213 48.0000059636 6.97835901673e-14 46.9999880999 1.23801411793e-06 35.9999749146 1.29340106038e-05 27.0000152851 8.31898258237e-11 19.9999439745 1.15091747194e-05 29.008097623 0.200805066516 33.9919113964 -3.02206971646e-22 5.00008692188
5.15050167224 61.9999794689 1.5425380413e-38 53.9999963538 9.11034260047e-05 48.0000059619 6.52684038248e-14 46.9999880999 5.93101475646e-07 35.9999749146 7.08420543782e-06 27.000015285 5.20862331379e-11 19.9999439745 2.10299480604e-05 29.0157645043 0.280127154307 33.9842445151 5.32802147242e-22 5.00008692188
5.21739130435 61.9999794689 9.03312628795e-39 53.9999963546 6.09870962007e-05 48.0000059612 6.1045362214e-14 46.9999880999 2.84038590327e-07 35.9999749146 3.87997268729e-06 27.000015285 3.26118098075e-11 19.9999439747 3.84547908262e-05 29.0306631401 0.390214057825 33.9693458792 -1.67059428556e-21 5.00008692188
5.28428093645 61.9999794689 5.28990779766e-39 53.9999963549 4.08263565735e-05 48.0000059608 5.7095562772e-14 46.9999880999 1.36105713545e-07 35.9999749146 2.12519358229e-06 27.000015285 2.0418673214e-11 19.999943975 7.04155787835e-05 29.0594894385 0.542030859866 33.9405195804 -1.82074700911e-21 5.00008692188
5.35117056856 61.9999794689 3.09780158705e-39 53.9999963551 2.73301811165e-05 48.0000059607 5.34013259977e-14 46.9999880999 6.52224407276e-08 35.9999749146 1.16402129619e-06 27.000015285 1.2784332215e-11 19.9999439763 0.000129290685403 29.1148069572 0.748826856165 33.8852020603 -1.81126884425e-22 5.00008692188
5.41806020067 61.9999794689 1.8140846845e-39 53.9999963551 1.82955026697e-05 48.0000059606 4.99461162984e-14 46.9999880999 3.12511028019e-08 35.9999749146 6.37555018865e-07 27.000015285 8.00438999764e-12 19.9999439807 0.000238625622302 29.2192967107 1.02385516917 33.7807123024 2.59125594747e-21 5.00008692188
5.48494983278 61.9999794689 1.06233404521e-39 53.9999963552 1.22474626726e-05 48.0000059606 4.6714467978e-14 46.9999880999 1.49739494187e-08 35.9999749146 3.49199490417e-07 27.000015285 5.01162151616e-12 19.9999439958 0.000444688051512 29.4109024249 1.37315937165 33.5891065732 2.61015399192e-21 5.00008692188
5.55183946488 61.9999794689 6.22106328784e-40 53.9999963552 8.19875528943e-06 48.0000059606 4.36919160127e-14 46.9999880999 7.17452789369e-09 35.9999749146 1.91262111949e-07 27.000015285 3.13782217625e-12 19.9999440493 0.000843084595371 29.7438845633 1.77932250034 33.2561243813 -1.46693672215e-21 5.00008692188
5.61872909699 61.9999794689 3.64306577126e-40 53.9999963552 5.48844721454e-06 48.0000059606 4.08649313044e-14 46.9999880999 3.43747142224e-09 35.9999749146 1.04756806136e-07 27.000015285 1.96461674401e-12 19.9999442478 0.00164471451268 30.2719426242 2.17757538396 32.7280661218 -3.21886600135e-22 5.00008692188
5.6856187291 61.9999794689 2.13338545927e-40 53.9999963552 3.67410044213e-06 48.0000059606 3.82208601249e-14 46.9999880999 1.6469925933e-09 35.9999749146 5.73767088007e-08 27.000015285 1.23006284992e-12 19.9999450416 0.00334686519626 30.9988211834 2.44924251865 32.0011867689 1.08984406396e-21 5.00008692188
5.7525083612 61.9999794689 1.24931426769e-40 53.9999963552 2.45953248971e-06 48.0000059606 3.5747867476e-14 46.9999880999 7.89123805452e-10 35.9999749146 3.1426002446e-08 27.000015285 7.70152685726e-13 19.999948547 0.00718003052526 31.8261856062 2.47861979889 31.1738188407 -1.03452595736e-22 5.00008692188
5.81939799331 61.9999794689 7.31600335375e-41 53.9999963552 1.64647094618e-06 48.0000059606 3.34348841157e-14 46.9999880999 3.78091955178e-10 35.9999749146 1.7212434556e-08 27.000015285 4.82199256444e-13 19.9999658226 0.0162583500341 32.5867118225 2.25143788672 30.4132753489 -1.03471897289e-23 5.00008692188
5.88628762542 61.9999794689 4.28426285678e-41 53.9999963552 1.10218775334e-06 48.0000059606 3.1271557012e-14 46.9999880999 1.81154845069e-10 35.9999749146 9.42747752643e-09 27.000015285 3.01910036805e-13 20.0000597959 0.0385090851444 33.1601368393 1.8691067437 29.8397563587 -1.79197802542e-23 5.00008692188
5.95317725753 61.9999794689 2.50887089922e-41 53.9999963552 7.37831325222e-07 48.0000059606 2.92482030017e-14 46.9999880999 8.6796539632e-11 35.9999749146 5.16355365102e-09 27.000015285 1.89032303191e-13 20.0006097926 0.0941211709054 33.5307777541 1.45717226204 29.4685654472 5.19632058406e-25 5.00008692188
6.02006688963 61.9999794689 1.46919867427e-41 53.9999963552 4.93922260187e-07 48.0000059606 2.73557654484e-14 46.9999880999 4.15867447874e-11 35.9999749146 2.82814647732e-09 27.000015285 1.18369442091e-13 20.0039829064 0.23448822881 33.7444648533 1.09303293922 29.2515052342 -5.28607929416e-25 5.00008692188
6.08695652174 61.9999794689 8.60364955493e-42 53.9999963552 3.30643587606e-07 48.0000059606 2.55857737047e-14 46.9999880999 1.99254078209e-11 35.9999749146 1.54901292841e-09 27.000015285 7.41694031958e-14 20.0252109895 0.589870833268 33.8427636313 0.802610407336 29.1319783731 -4.94146536129e-26 5.00008692188
6.15384615385 61.9999794689 5.03830851181e-42 53.9999963552 2.21340856046e-07 48.0000059606 2.39303051965e-14 46.9999880999 9.54681723751e-12 35.9999749146 8.48414151131e-10 27.000015285 4.66650955993e-14 20.1595386193 1.48050350749 33.7722816128 0.584779516907 29.0681327618 -7.81886516749e-26 5.00008692188
6.22073578595 61.9999794689 2.95044058715e-42 53.9999963552 1.48170954132e-07 48.0000059606 2.23819499621e-14 46.9999880999 4.57415125532e-12 35.9999749146 4.64687420232e-10 27.000015285 3.01141329435e-14 20.9674062958 3.54336689519 32.9986266612 0.434247747517 29.0339200368 -1.77490106012e-26 5.00008692188
6.28762541806 61.9999794689 1.72778215888e-42 53.9999963552 9.91892414122e-08 48.0000059606 2.09337774839e-14 46.9999880999 2.19160558456e-12 35.9999749146 2.54515313163e-10 27.000015285 2.21424167893e-14 24.5402953037 6.54389789089 29.4463026111 0.36612684978 29.013355079 -3.54450535866e-27 5.00008692188
6.35451505017 61.9999794689 1.01179165363e-42 53.9999963552 6.63996911754e-08 48.0000059606 1.95793056676e-14 46.9999880999 1.05006032203e-12 35.9999749146 1.39401327838e-10 27.000015285 2.31260781742e-14 30.5885041187 5.99743456877 23.4182111293 0.437358152963 28.9932377459 -7.11633872746e-28 5.00008692188
6.42140468227 61.9999794689 5.92506610903e-43 53.9999963552 4.44495685838e-08 48.0000059606 1.8312471828e-14 46.9999880999 5.0311365098e-13 35.9999749146 7.63519098302e-11 27.000015285 3.28945591358e-14 33.3312946568 2.96911534617 20.7173402125 0.708837831824 28.9513181245 -1.43143759716e-28 5.00008692188
6.48829431438 61.9999794689 3.46972702118e-43 53.9999963552 2.97556225402e-08 48.0000059606 1.71276055516e-14 46.9999880999 2.41056004594e-13 35.9999749146 4.18189283197e-11 27.000015285 5.14540353802e-14 33.8887472313 1.22158141503 20.2846090892 1.25073670168 28.8265966734 -2.89380738291e-29 5.00008692188
6.55518394649 61.9999794689 2.0318769917e-43 53.9999963552 1.99191375696e-08 48.0000059606 1.60194033164e-14 46.9999880999 1.154967544e-13 35.9999749146 2.29047674018e-11 27.000015285 8.18944706056e-14 33.9806618932 0.493038727391 20.5787706599 2.17691185048 28.4405204408 -5.9416334356e-30 5.00008692188
6.6220735786 61.9999794689 1.18987000198e-43 53.9999963552 1.33343552413e-08 48.0000059606 1.49829047522e-14 46.9999880999 5.53377624025e-14 35.9999749146 1.25452369848e-11 27.000015285 1.30714660272e-13 33.9959373593 0.207104641796 21.6354283861 3.46825794231 27.3685872485 -1.2769130869e-30 5.00008692188
6.6889632107 61.9999794689 6.96789530733e-44 53.9999963552 8.92634176436e-09 48.0000059606 1.40134704382e-14 46.9999880999 2.65138864967e-14 35.9999749146 6.87118828761e-12 27.000015285 2.08740448493e-13 33.9988196705 0.0968805341678 23.8237394982 4.44905254188 25.1773938252 -3.05901285699e-31 5.00008692188
6.75585284281 61.9999794689 4.08040926823e-44 53.9999963552 5.97551033122e-09 48.0000059606 1.31067611369e-14 46.9999880999 1.27035543449e-14 35.9999749146 3.7634386876e-12 27.000015285 3.3337488861e-13 33.9995350087 0.05359602311 26.4003555676 4.07936865135 22.6000624176 -8.66845179203e-32 5.00008692188
6.82274247492 61.9999794689 2.38949346619e-44 53.9999963552 4.0001520056e-09 48.0000059606 1.22587183708e-14 46.9999880999 6.08663413652e-15 35.9999749146 2.06128416974e-12 27.000015285 5.32441236095e-13 33.9997844358 0.0342642174524 28.0225177913 2.80064607848 20.9776507667 -2.83884703955e-32 5.00008692188
6.88963210702 61.9999794689 1.39929081982e-44 53.9999963552 2.67779909669e-09 48.0000059606 1.1465546257e-14 46.9999880999 2.91628023609e-15 35.9999749146 1.12899215184e-12 27.000015285 8.50384561329e-13 33.9998942284 0.0235736564473 28.6826859024 1.66016959527 20.3173728631 -1.00053083137e-32 5.00008692188
6.95652173913 61.9999794689 8.19426812755e-45 53.9999963552 1.79258391623e-09 48.0000059606 1.07236945164e-14 46.9999880999 1.39727407986e-15 35.9999749146 6.18363821992e-13 27.000015285 1.35819251321e-12 33.9999477092 0.016663060991 28.9024309078 0.93229948023 20.0975743769 -3.62297306319e-33 5.00008692188
7.02341137124 61.9999794689 4.79857575246e-45 53.9999963552 1.19999932015e-09 48.0000059606 1.00298425826e-14 46.9999880999 6.69474350175e-16 35.9999749146 3.38685980904e-13 27.000015285 2.16924407699e-12 33.9999746818 0.0118810061603 28.9705241074 0.51453394143 20.0294542047 -1.32333752086e-33 5.00008692188
7.09030100334 61.9999794689 2.81004893894e-45 53.9999963552 8.03308472963e-10 48.0000059606 9.38088473835e-15 46.9999880999 3.20762171479e-16 35.9999749146 1.85502255086e-13 27.000015285 3.46462611596e-12 33.999988434 0.00849388678505 28.9911500473 0.282462290277 20.0088145125 -4.84637991693e-34 5.00008692188
7.15719063545 61.9999794689 1.64556608387e-45 53.9999963552 5.37754030947e-10 48.0000059606 8.77391621541e-15 46.9999880999 1.53685207334e-16 35.9999749146 1.01601711914e-13 27.000015285 5.53356007722e-12 33.999995469 0.0060772660759 28.9973534385 0.15481350717 20.0026040865 -1.77629239163e-34 5.00008692188
7.22408026756 61.9999794689 9.6364669243e-46 53.9999963552 3.59985698848e-10 48.0000059606 8.20622019215e-15 46.9999880999 7.3635328297e-17 35.9999749146 5.56486693729e-14 27.000015285 8.8379727238e-12 33.9999990712 0.00434925459868 28.9992141415 0.0848104044734 20.0007397812 -6.51237093593e-35 5.00008692188
7.29096989967 61.9999794689 5.64313071088e-46 53.9999963552 2.40983200657e-10 48.0000059606 7.67525563133e-15 46.9999880999 3.52808615287e-17 35.9999749146 3.04795194545e-14 27.000015285 1.41156492969e-11 34.0000009163 0.00311281070033 28.9997717526 0.0464543287581 20.000180325 -2.38775433312e-35 5.00008692188
7.35785953177 61.9999794689 3.3046270939e-46 53.9999963552 1.6132003354e-10 48.0000059606 7.17864590845e-15 46.9999880999 1.69041147223e-17 35.9999749146 1.66940450903e-14 27.000015285 2.25449424225e-11 34.0000018615 0.00222792191117 28.9999386427 0.0254439497651 20.0000124897 -8.75482303072e-36 5.00008692188
7.42474916388 61.9999794689 1.93519342518e-46 53.9999963552 1.07991548265e-10 48.0000059606 6.71416817291e-15 46.9999880999 8.09921019181e-18 35.9999749146 9.14353558856e-15 27.000015285 3.60078619607e-11 34.0000023456 0.00159459349528 28.9999885178 0.013935942427 19.9999621304 -3.20990333232e-36 5.00008692188
7.49163879599 61.9999794689 1.13325186557e-46 53.9999963552 7.22921682415e-11 48.0000059606 6.27974339855e-15 46.9999880999 3.88056043961e-18 35.9999749146 5.00803174178e-15 27.000015285 5.75102911863e-11 34.0000025937 0.00114130270872 29.0000033763 0.00763285120842 19.9999470239 -1.17695103276e-36 5.00008692188
7.55852842809 61.9999794689 6.63633353521e-47 53.9999963552 4.83941306429e-11 48.0000059606 5.87342707779e-15 46.9999880999 1.85927782089e-18 35.9999749146 2.74295912876e-15 27.000015285 9.18531101593e-11 34.0000027207 0.000816868108489 29.0000077824 0.00418057574247 19.9999424907 -4.31578109223e-37 5.00008692188
7.6254180602 61.9999794689 3.88624374411e-47 53.9999963552 3.23962045889e-11 48.0000059606 5.49340051794e-15 46.9999880999 8.90833840248e-19 35.9999749146 1.5023526476e-15 27.000015285 1.46704074501e-10 34.0000027858 0.000584659625508 29.0000090774 0.00228973662323 19.9999411306 -1.58275922238e-37 5.00008692188
7.69230769231 61.9999794689 2.27578839182e-47 53.9999963552 2.16868050406e-11 48.0000059606 5.13796270062e-15 46.9999880999 4.26823763047e-19 35.9999749146 8.22857147464e-16 27.000015285 2.34309815613e-10 34.0000028192 0.000418460324888 29.0000094521 0.0012541079749 19.9999407226 -5.80246879772e-38 5.00008692188
7.75919732441 61.9999794689 1.33270408187e-47 53.9999963552 1.45176731991e-11 48.0000059606 4.80552266793e-15 46.9999880999 2.04503864891e-19 35.9999749146 4.50689116141e-16 27.000015285 3.742301686e-10 34.0000028363 0.000299505965225 29.0000095574 0.000686885550679 19.9999406002 -2.12713601342e-38 5.00008692188
7.82608695652 61.9999794689 7.8043279996e-48 53.9999963552 9.71848231351e-12 48.0000059606 4.49459240123e-15 46.9999880999 9.79836578969e-20 35.9999749146 2.46847960227e-16 27.000015285 5.9770531613e-10 34.000002845 0.000214366375271 29.0000095854 0.000376212894057 19.9999405635 -7.79412776006e-39 5.00008692188
7.89297658863 61.9999794689 4.57022317677e-48 53.9999963552 6.50578781069e-12 48.0000059606 4.20378016068e-15 46.9999880999 4.69470428897e-20 35.9999749146 1.3520174252e-16 27.000015285 9.54630757956e-10 34.0000028495 0.000153429141914 29.0000095919 0.000206055041147 19.9999405525 -2.86780841204e-39 5.00008692188
7.95986622074 61.9999794689 2.67632721815e-48 53.9999963552 4.35513206463e-12 48.0000059606 3.93178425579e-15 46.9999880999 2.24937175442e-20 35.9999749146 7.40516614154e-17 27.000015285 1.5246977017e-09 34.0000028518 0.000109814337234 29.0000095929 0.000112858060718 19.9999405492 -1.058034175e-39 5.00008692188
8.02675585284 61.9999794689 1.56726342435e-48 53.9999963552 2.91543234663e-12 48.0000059606 3.67738721898e-15 46.9999880999 1.07775607235e-20 35.9999749146 4.05591846545e-17 27.000015285 2.43518942556e-09 34.000002853 7.85977850256e-05 29.0000095927 6.18135682356e-05 19.9999405482 -3.90008583047e-40 5.00008692188
8.09364548495 61.9999794689 9.17800764322e-49 53.9999963552 1.95166515408e-12 48.0000059606 3.43945035611e-15 46.9999880999 5.16409608544e-21 35.9999749146 2.22152024927e-17 27.000015285 3.88939699899e-09 34.0000028536 5.62550875084e-05 29.0000095924 3.38564716778e-05 19.9999405479 -1.39345500565e-40 5.00008692188
8.16053511706 61.9999794689 5.37468440185e-49 53.9999963552 1.30649425011e-12 48.0000059606 3.21690864945e-15 46.9999880999 2.47421904006e-21 35.9999749146 1.21676296553e-17 27.000015285 6.21200353757e-09 34.0000028539 4.02636620224e-05 29.0000095922 1.85436074188e-05 19.9999405478 -5.72245550613e-41 5.00008692188
8.22742474916 61.9999794689 3.14749359731e-49 53.9999963552 8.74603927135e-13 48.0000059606 3.00876599118e-15 46.9999880999 1.18536680453e-21 35.9999749146 6.66456421856e-18 27.000015285 9.92164192103e-09 34.000002854 2.88180999596e-05 29.0000095921 1.01567981189e-05 19.9999405478 -2.1377078805e-41 5.00008692188
8.29431438127 61.9999794689 1.84316218191e-49 53.9999963552 5.8548265171e-13 48.0000059606 2.81409072372e-15 46.9999880999 5.67643884471e-22 35.9999749146 3.65008027632e-18 27.000015285 1.58465304232e-08 34.0000028541 2.06260984759e-05 29.000009592 5.56268281648e-06 19.9999405478 -6.49964461825e-42 5.00008692188
8.36120401338 61.9999794689 1.07934148605e-49 53.9999963552 3.91936598796e-13 48.0000059606 2.63201146996e-15 46.9999880999 2.71807963104e-22 35.9999749146 1.99906093819e-18 27.000015285 2.53096769939e-08 34.0000028542 1.47627915715e-05 29.000009592 3.04652489662e-06 19.9999405478 -6.91588640164e-42 5.00008692188
8.42809364548 61.9999794689 6.32098639435e-50 53.9999963552 2.62374032708e-13 48.0000059606 2.46171323271e-15 46.9999880999 1.30262977115e-22 35.9999749146 1.09503156845e-18 27.000015285 4.04251361583e-08 34.0000028542 1.05662425053e-05 29.0000095919 1.66879182264e-06 19.9999405478 5.64678065367e-42 5.00008692188
8.49498327759 61.9999794689 3.69997140343e-50 53.9999963552 1.75625834656e-13 48.0000059606 2.30243373268e-15 46.9999880999 6.21098602799e-23 35.9999749146 5.99170929693e-19 27.000015285 6.45715800577e-08 34.0000028542 7.56238834231e-06 29.0000095919 9.13109877018e-07 19.9999405478 -1.23807508476e-42 5.00008692188
8.5618729097 61.9999794689 2.16690343732e-50 53.9999963552 1.17563814243e-13 48.0000059606 2.15346004304e-15 46.9999880999 2.98563176187e-23 35.9999749146 3.28328417417e-19 27.000015285 1.03139826855e-07 34.0000028542 5.41253103398e-06 29.0000095919 5.00354291944e-07 19.9999405478 -6.45152296091e-42 5.00008692188
8.62876254181 61.9999794689 1.26930873736e-50 53.9999963552 7.86970982502e-14 48.0000059606 2.01412534596e-15 46.9999880999 1.44532691524e-23 35.9999749146 1.80047231672e-19 27.000015285 1.64747455282e-07 34.0000028542 3.8738235053e-06 29.0000095919 2.74380028587e-07 19.9999405478 5.0051145747e-42 5.00008692188
8.69565217391 61.9999794689 7.44446406284e-51 53.9999963552 5.27038781986e-14 48.0000059606 1.88380667158e-15 46.9999880999 6.94312010711e-24 35.9999749146 9.88750092915e-20 27.000015285 2.63347033149e-07 34.0000028542 2.77317521711e-06 29.0000095919 1.50677868672e-07 19.9999405478 -6.45867809498e-42 5.00008692188
8.76254180602 61.9999794689 4.37291031969e-51 53.9999963552 3.53085690291e-14 48.0000059606 1.76192038747e-15 46.9999880999 3.48850831764e-24 35.9999749146 5.45311975851e-20 27.000015285 4.20992749624e-07 34.0000028542 1.98559222595e-06 29.0000095919 8.31007756359e-08 19.9999405478 -9.26952633245e-42 5.00008692188
8.82943143813 61.9999794689 2.55171339099e-51 53.9999963552 2.36355659224e-14 48.0000059606 1.64792036416e-15 46.9999880999 1.62684206891e-24 35.9999749146 2.9585847623e-20 27.000015285 6.72859323995e-07 34.0000028542 1.42135672258e-06 29.0000095919 4.50858740842e-08 19.9999405478 1.75270310239e-42 5.00008692188
8.89632107023 61.9999794689 1.48670279765e-51 53.9999963552 1.58200217475e-14 48.0000059606 1.54129640788e-15 46.9999880999 6.87075687409e-25 35.9999749146 1.59569186796e-20 27.000015285 1.07543615217e-06 34.0000028542 1.01743546068e-06 29.0000095919 2.43165276034e-08 19.9999405478 2.56367668939e-42 5.00008692188
8.96321070234 61.9999794689 8.68447804058e-52 53.9999963552 1.05905149399e-14 48.0000059606 1.44157127691e-15 46.9999880999 3.30527585885e-25 35.9999749146 8.69186073129e-21 27.000015285 1.71895936733e-06 34.0000028542 7.28327715505e-07 29.0000095919 1.32453048127e-08 19.9999405478 -3.14662009263e-42 5.00008692188
9.03010033445 61.9999794689 5.06657325103e-52 53.9999963552 7.08945939789e-15 48.0000059606 1.34829859586e-15 46.9999880999 1.6067071033e-25 35.9999749146 4.71227345342e-21 27.000015285 2.74765089789e-06 34.0000028542 5.2137264573e-07 29.0000095919 7.18085394604e-09 19.9999405478 -1.1201194083e-42 5.00008692188
9.09698996656 61.9999794689 2.95376572559e-52 53.9999963552 4.74626327459e-15 48.0000059606 1.26106097361e-15 46.9999880999 5.91314111303e-26 35.9999749146 2.53853804056e-21 27.000015285 4.39274713557e-06 34.0000028542 3.73245249649e-07 29.0000095919 3.86834405534e-09 19.9999405478 2.26079195477e-42 5.00008692188
9.16387959866 61.9999794689 1.71928538195e-52 53.9999963552 3.17693155388e-15 48.0000059606 1.17946798263e-15 46.9999880999 2.30257592631e-26 35.9999749146 1.36763546814e-21 27.0000152851 7.02261842053e-06 34.0000028542 2.67199511617e-07 29.0000095919 2.08404877875e-09 19.9999405478 -2.26729963226e-43 5.00008692188
9.23076923077 61.9999794689 1.00083822041e-52 53.9999963552 2.12588678082e-15 48.0000059606 1.10315376539e-15 46.9999880999 1.30666674705e-26 35.9999749146 7.38357295354e-22 27.0000152851 1.12226881777e-05 34.0000028542 1.91246708476e-07 29.0000095919 1.12512412444e-09 19.9999405478 -1.49064802686e-42 5.00008692188
9.29765886288 61.9999794689 5.86019339516e-53 53.9999963552 1.42332215362e-15 48.0000059606 1.03177708492e-15 46.9999880999 5.02270672617e-27 35.9999749146 4.03555706958e-22 27.0000152851 1.79312683436e-05 34.0000028541 1.36897141731e-07 29.0000095919 6.14941675564e-10 19.9999405478 4.05011148295e-43 5.00008692188
9.36454849498 61.9999794689 3.42972120391e-53 53.9999963552 9.52944015412e-16 48.0000059606 9.65018565612e-16 46.9999880999 2.52460391206e-27 35.9999749146 2.2053935943e-22 27.0000152852 2.86500730132e-05 34.0000028541 9.79922640786e-08 29.0000095919 3.36057251676e-10 19.9999405478 -1.33268557623e-43 5.00008692188
9.43143812709 61.9999794689 2.00808065995e-53 53.9999963552 6.37992271813e-16 48.0000059606 9.02579427697e-16 46.9999880999 1.24027721048e-27 35.9999749146 1.20668018825e-22 27.0000152853 4.57709019984e-05 34.0000028539 7.01416740113e-08 29.0000095919 1.83872211295e-10 19.9999405478 -8.36822347147e-44 5.00008692188
9.4983277592 61.9999794689 1.17636189432e-53 53.9999963552 4.27150496574e-16 48.0000059606 8.44180219279e-16 46.9999880999 5.97050160024e-28 35.9999749146 6.61230849872e-23 27.0000152858 7.31210500499e-05 34.0000028534 5.02065508514e-08 29.0000095919 1.00756680958e-10 19.9999405478 -4.01914273064e-44 5.00008692188
9.5652173913 61.9999794689 6.88950669182e-54 53.9999963552 2.85962294481e-16 48.0000059606 7.89559535228e-16 46.9999880999 2.85621142269e-28 35.9999749146 3.6218533258e-23 27.000015287 0.000116799848509 34.0000028522 3.59357049365e-08 29.0000095919 5.51884784023e-11 19.9999405478 -1.43619308008e-44 5.00008692188
9.63210702341 61.9999794689 4.03484810558e-54 53.9999963552 1.91438779108e-16 48.0000059606 7.38472942137e-16 46.9999880999 1.3690971828e-28 35.9999749146 1.98387982373e-23 27.00001529 0.000186566960932 34.0000028492 2.57210203675e-08 29.0000095919 3.0229414937e-11 19.9999405478 -5.83653624165e-45 5.00008692188
9.69899665552 61.9999794689 2.3623636151e-54 53.9999963552 1.28146738204e-16 48.0000059606 6.90691736962e-16 46.9999880999 6.55721966945e-29 35.9999749146 1.08626987751e-23 27.0000152977 0.000297975384829 34.0000028415 1.84089422592e-08 29.0000095919 1.65519411445e-11 19.9999405478 -2.18443444504e-45 5.00008692188
9.76588628763 61.9999794689 1.38338206804e-54 53.9999963552 8.57836760323e-17 48.0000059606 6.46002118942e-16 46.9999880999 3.14211658269e-29 35.9999749146 5.9496695425e-24 27.0000153174 0.000475926157181 34.0000028218 1.31758271057e-08 29.0000095919 9.06568999813e-12 19.9999405478 -7.16321456712e-46 5.00008692188
9.83277591973 61.9999794689 8.10201588544e-55 53.9999963552 5.74263822142e-17 48.0000059606 6.04204040879e-16 46.9999880999 1.50826819259e-29 35.9999749146 3.25965478296e-24 27.0000153676 0.000760133600968 34.0000027716 9.43040701353e-09 29.0000095919 4.96679757124e-12 19.9999405478 -3.4255824084e-46 5.00008692188
9.89966555184 61.9999794689 4.74444133641e-55 53.9999963552 3.84429363299e-17 48.0000059606 5.65110411712e-16 46.9999880999 7.20833391361e-30 35.9999749146 1.78505033563e-24 27.0000154957 0.00121405630459 34.0000026435 6.74968356494e-09 29.0000095919 2.71989490822e-12 19.9999405478 -3.35849941022e-47 5.00008692188
9.96655518395 61.9999794689 2.77840197543e-55 53.9999963552 2.57347387409e-17 48.0000059606 5.28546245249e-16 46.9999880999 3.45413068382e-30 35.9999749146 9.77733286385e-25 27.0000158224 0.00193905357587 34.0000023169 4.83098025493e-09 29.0000095919 1.48976878631e-12 19.9999405478 -1.12128237611e-47 5.00008692188
10.0334448161 61.9999794689 1.62699150783e-55 53.9999963552 1.72274843866e-17 48.0000059606 4.94347878885e-16 46.9999880999 1.65340152853e-30 35.9999749146 5.35452586874e-25 27.0000166558 0.00309699526581 34.0000014835 3.4576968877e-09 29.0000095919 8.15861198687e-13 19.9999405478 -2.90807317601e-47 5.00008692188
10.1003344482 61.9999794689 9.5276338125e-56 53.9999963552 1.15325100983e-17 48.0000059606 4.62362238963e-16 46.9999880999 7.91487466401e-31 35.9999749146 2.93264931537e-25 27.0000187814 0.00494640839858 33.9999993579 2.4747905705e-09 29.0000095919 4.46840104381e-13 19.9999405478 1.91566620045e-47 5.00008692188
10.1672240803 61.9999794689 5.57946462412e-56 53.9999963552 7.72015545791e-18 48.0000059606 4.32446156126e-16 46.9999880999 3.79479089173e-31 35.9999749146 1.60631672387e-25 27.0000242031 0.00790021372811 33.9999939362 1.77129159886e-09 29.0000095919 2.44748392502e-13 19.9999405478 4.98839996892e-48 5.00008692188
10.2341137124 61.9999794689 3.26735698352e-56 53.9999963552 5.16806585153e-18 48.0000059606 4.04465724466e-16 46.9999880999 1.81893148276e-31 35.9999749146 8.79809216773e-26 27.0000380333 0.0126178999727 33.999980106 1.26777412485e-09 29.0000095919 1.34052083153e-13 19.9999405478 -4.62161550943e-48 5.00008692188
10.3010033445 61.9999794689 1.91337281648e-56 53.9999963552 3.45963321943e-18 48.0000059606 3.78295702137e-16 46.9999880999 8.709327863e-32 35.9999749146 4.818788841e-26 27.0000733131 0.0201527393857 33.9999448262 9.07390825504e-10 29.0000095919 7.34207271486e-14 19.9999405478 1.86084315294e-49 5.00008692188
10.3678929766 61.9999794689 1.12047964621e-56 53.9999963552 2.31596585039e-18 48.0000059606 3.53818950777e-16 46.9999880999 4.17179120756e-32 35.9999749146 2.63934361691e-26 27.0001633087 0.0321867969328 33.9998548305 6.49454304978e-10 29.0000095919 4.02133958876e-14 19.9999405478 1.85970418e-48 5.00008692188
10.4347826087 61.9999794689 6.56158125831e-57 53.9999963552 1.55036604886e-18 48.0000059606 3.30925911189e-16 46.9999880999 1.99897449538e-32 35.9999749146 1.44563870051e-26 27.0003928716 0.0514058743036 33.9996252677 4.64843911504e-10 29.0000095919 2.20254241185e-14 19.9999405478 5.9880461395e-49 5.00008692188
10.5016722408 61.9999794689 3.8424733102e-57 53.9999963552 1.03785328697e-18 48.0000059606 3.0951411295e-16 46.9999880999 9.57977174788e-33 35.9999749146 7.91827215789e-27 27.0009783558 0.0820965926984 33.9990397834 3.32718242254e-10 29.0000095919 1.20635073488e-14 19.9999405478 -3.14916645901e-49 5.00008692188
10.5685618729 61.9999794689 2.25016562145e-57 53.9999963552 6.94764718466e-19 48.0000059606 2.89487715757e-16 46.9999880999 4.58996254813e-33 35.9999749146 4.33743023939e-27 27.0024714225 0.131093493734 33.9975467167 2.3816297705e-10 29.0000095919 6.60733250408e-15 19.9999405478 -1.80106410502e-49 5.00008692188
10.635451505 61.9999794689 1.31770358062e-57 53.9999963552 4.65092658536e-19 48.0000059606 2.70757080429e-16 46.9999880999 2.19916036419e-33 35.9999749146 2.37632382041e-27 27.0062772256 0.209263457465 33.9937409137 1.70507573986e-10 29.0000095919 3.61891151289e-15 19.9999405478 -5.99060875219e-50 5.00008692188
10.7023411371 61.9999794689 7.7164230453e-58 53.9999963552 3.11343996215e-19 48.0000059606 2.53238367678e-16 46.9999880999 1.05368652474e-33 35.9999749146 1.30241870431e-27 27.0159664336 0.333763814113 33.9840517056 1.22122534258e-10 29.0000095919 1.98206875841e-15 19.9999405478 -7.216106452e-50 5.00008692188
10.7692307692 61.9999794689 4.51875307698e-58 53.9999963552 2.08421221949e-19 48.0000059606 2.36853162853e-16 46.9999880999 5.04808294866e-34 35.9999749146 7.14615220502e-28 27.040561706 0.531196086508 33.9594564332 8.75614752847e-11 29.0000095919 1.08560322704e-15 19.9999405478 1.7617583791e-49 5.00008692188
10.8361204013 61.9999794689 2.64619223188e-58 53.9999963552 1.39522239499e-19 48.0000059606 2.21528124937e-16 46.9999880999 2.4187052959e-34 35.9999749146 3.93160548701e-28 27.1025229706 0.840850116116 33.8974951686 6.29515309226e-11 29.0000095919 5.94598267146e-16 19.9999405478 6.1655766121e-50 5.00008692188
10.9030100334 61.9999794689 1.54961327105e-58 53.9999963552 9.33995751526e-20 48.0000059606 2.07194658271e-16 46.9999880999 1.1588716039e-34 35.9999749146 2.17770528341e-28 27.2556925983 1.31314568119 33.7443255409 4.55652800334e-11 29.0000095919 3.2566649121e-16 19.9999405478 5.00992598972e-50 5.00008692188
10.9698996656 61.9999794689 9.07455420347e-59 53.9999963552 6.25239438579e-20 48.0000059606 1.93788605526e-16 46.9999880999 5.55270930275e-35 35.9999749146 1.22607455372e-28 27.6172500029 1.98486406765 33.3827681363 3.3523567459e-11 29.0000095919 1.78370362083e-16 19.9999405478 2.83798524731e-50 5.00008692188
11.0367892977 61.9999794689 5.31407298796e-59 53.9999963552 4.18550505058e-20 48.0000059606 1.8124996052e-16 46.9999880999 2.66053742517e-35 35.9999749146 7.15984212847e-29 28.3851138571 2.78877179392 32.6149042822 2.55820152973e-11 29.0000095919 9.76951045578e-17 19.9999405478 4.08761225389e-51 5.00008692188
11.1036789298 61.9999794689 3.11192913534e-59 53.9999963552 2.8018789932e-20 48.0000059606 1.69522599636e-16 46.9999880999 1.27474018276e-35 35.9999749146 4.48306521609e-29 29.7036242344 3.40820179754 31.2963939048 2.09316961197e-11 29.0000095919 5.35084980747e-17 19.9999405478 1.82950599656e-51 5.00008692188
11.1705685619 61.9999794689 1.82235005845e-59 53.9999963552 1.87564595184e-20 48.0000059606 1.58554030604e-16 46.9999880999 6.10764153096e-36 35.9999749146 3.10494735685e-29 31.3131247531 3.40424437011 29.6868933861 1.89444414913e-11 29.0000095919 2.93070819625e-17 19.9999405478 6.7925154256e-52 5.00008692188
11.237458194 61.9999794689 1.0671707985e-59 53.9999963552 1.25560303947e-20 48.0000059606 1.48295157547e-16 46.9999880999 2.92634501474e-36 35.9999749146 2.3782021838e-29 32.6260770463 2.78026332645 28.373941093 1.89615811918e-11 29.0000095919 1.60517517825e-17 19.9999405478 2.49044383818e-52 5.00008692188
11.3043478261 61.9999794689 6.24936699273e-60 53.9999963552 8.40531216611e-21 48.0000059606 1.38700061223e-16 46.9999880999 1.40209448317e-36 35.9999749146 1.95234311056e-29 33.3884290898 1.97662945776 27.6115890494 2.03413667033e-11 29.0000095919 8.79168715195e-18 19.9999405478 9.13132476417e-53 5.00008692188
11.3712374582 61.9999794689 3.65963804169e-60 53.9999963552 5.62672043191e-21 48.0000059606 1.29725793488e-16 46.9999880999 6.7178317125e-37 35.9999749146 1.66190173585e-29 33.7468136079 1.30701650745 27.2532045313 2.2627029654e-11 29.0000095919 4.81528542024e-18 19.9999405478 3.34804682536e-53 5.00008692188
11.4381270903 61.9999794689 2.14308917433e-60 53.9999963552 3.76666353945e-21 48.0000059606 1.2133218506e-16 46.9999880999 3.21870353833e-37 35.9999749146 1.43773268436e-29 33.8985239521 0.836738600691 27.1014941871 2.55798836663e-11 29.0000095919 2.63737480586e-18 19.9999405478 1.2275757537e-53 5.00008692188
11.5050167224 61.9999794689 1.25499602149e-60 53.9999963552 2.52149620349e-21 48.0000059606 1.13481665716e-16 46.9999880999 1.54217206081e-37 35.9999749146 1.25215204648e-29 33.959874669 0.528550107289 27.0401434702 2.91122452404e-11 29.0000095919 1.44451370633e-18 19.9999405478 4.50096786848e-54 5.00008692188
11.5719063545 61.9999794689 7.34927340618e-61 53.9999963552 1.68795087202e-21 48.0000059606 1.0613909613e-16 46.9999880999 7.38897524793e-38 35.9999749146 1.09345328279e-29 33.9842238807 0.332088753265 27.0157942585 3.32213359639e-11 29.0000095919 7.91172827734e-19 19.9999405478 1.6502876064e-54 5.00008692188
11.6387959866 61.9999794689 4.30374395059e-61 53.9999963552 1.12995534342e-21 48.0000059606 9.92716105833e-17 46.9999880999 3.54026310211e-38 35.9999749146 9.55880827251e-30 33.9938157791 0.208209929266 27.0062023602 3.79506167959e-11 29.0000095919 4.33332236322e-19 19.9999405478 6.05089591723e-55 5.00008692188
11.7056856187 61.9999794689 2.52027568733e-61 53.9999963552 7.56419512828e-22 48.0000059606 9.28484698582e-17 46.9999880999 1.69621893651e-38 35.9999749146 8.35965452043e-30 33.9975834258 0.13043281014 27.0024347134 4.33712225479e-11 29.0000095919 2.37339273111e-19 19.9999405478 2.21834516332e-55 5.00008692188
11.7725752508 61.9999794689 1.47588359232e-61 53.9999963552 5.06366030438e-22 48.0000059606 8.68409236485e-17 46.9999880999 8.12729593252e-39 35.9999749146 7.31213243249e-30 33.999061077 0.0816827216079 27.0009570623 4.95741844313e-11 29.0000095919 1.29994003101e-19 19.9999405478 8.13469066916e-56 5.00008692188
11.8394648829 61.9999794689 8.64281968816e-62 53.9999963552 3.3897395398e-22 48.0000059606 8.12220818677e-17 46.9999880999 3.89403802e-39 35.9999749146 6.39628231216e-30 33.9996405203 0.0511467256681 27.000377619 5.66679319218e-11 29.0000095919 7.11992096544e-20 19.9999405478 2.98199242162e-56 5.00008692188
11.9063545151 61.9999794689 5.06126577994e-62 53.9999963552 2.26917587105e-22 48.0000059606 7.59667942921e-17 46.9999880999 1.86576138211e-39 35.9999749146 5.59528386668e-30 33.9998676893 0.0320246072492 27.0001504499 6.4778379129e-11 29.0000095919 3.89966854833e-20 19.9999405478 1.09317379732e-56 5.00008692188
11.9732441472 61.9999794689 2.96389239708e-62 53.9999963552 1.51904247868e-22 48.0000059606 7.10515379845e-17 46.9999880999 8.93941557824e-40 35.9999749146 4.89464171877e-30 33.9999567506 0.0200512322211 27.0000613886 7.40503430117e-11 29.0000095919 2.13589240983e-20 19.9999405478 4.00774419073e-57 5.00008692188
12.0401337793 61.9999794689 1.73566560533e-62 53.9999963552 1.01688475278e-22 48.0000059606 6.64543120059e-17 46.9999880999 4.28316071708e-40 35.9999749146 4.28175062427e-30 33.9999916635 0.0125543754104 27.0000264758 8.46497640256e-11 29.0000095919 1.16985422605e-20 19.9999405478 1.46933293079e-57 5.00008692188
12.1070234114 61.9999794689 1.01641117398e-62 53.9999963552 6.80727839699e-23 48.0000059606 6.21545389367e-17 46.9999880999 2.05218986596e-40 35.9999749146 3.74560943233e-30 34.0000053503 0.00786045587748 27.0000127889 9.67665120897e-11 29.0000095919 6.40742581498e-21 19.9999405478 5.38513890629e-58 5.00008692188
12.1739130435 61.9999794689 5.95213717769e-63 53.9999963552 4.55696096559e-23 48.0000059606 5.81329727722e-17 46.9999880999 9.83267846042e-41 35.9999749146 3.27660333055e-30 34.0000107157 0.0049215272566 27.0000074235 1.10617714475e-10 29.0000095919 3.50942288689e-21 19.9999405478 1.97356264127e-58 5.00008692188
12.2408026756 61.9999794689 3.48559116851e-63 53.9999963552 3.05054270124e-23 48.0000059606 5.4371612776e-17 46.9999880999 4.7111411014e-41 35.9999749146 2.86632444745e-30 34.000012819 0.00308142684078 27.0000053202 1.26451613711e-10 29.0000095919 1.92215249776e-21 19.9999405478 7.23228286863e-59 5.00008692188
12.3076923077 61.9999794689 2.04115351131e-63 53.9999963552 2.04210606464e-23 48.0000059606 5.08536229068e-17 46.9999880999 2.25704170543e-41 35.9999749146 2.50741873469e-30 34.0000136439 0.00192931003757 27.0000044954 1.4455200175e-10 29.0000095919 1.05276209575e-21 19.9999405478 2.64639033215e-59 5.00008692188
12.3745819398 61.9999794689 1.19530423487e-63 53.9999963552 1.36703528132e-23 48.0000059606 4.75632564625e-17 46.9999880999 1.08150349539e-41 35.9999749146 2.19345334112e-30 34.0000139673 0.00120796173218 27.0000041719 1.65243300128e-10 29.0000095919 5.76611762458e-22 19.9999405478 9.68468798104e-60 5.00008692188
12.4414715719 61.9999794689 6.99971793683e-64 53.9999963552 9.15126542896e-24 48.0000059606 4.44857855942e-17 46.9999880999 5.1820065859e-42 35.9999749146 1.91880102104e-30 34.0000140941 0.0007563175642 27.0000040452 1.88896371506e-10 29.0000095919 3.15816044851e-22 19.9999405478 3.58358822841e-60 5.00008692188
12.508361204 61.9999794689 4.09902311125e-64 53.9999963552 6.12607593762e-24 48.0000059606 4.16074353844e-17 46.9999880999 2.48262629722e-42 35.9999749146 1.67853918251e-30 34.0000141438 0.000473537611043 27.0000039955 2.15935165544e-10 29.0000095919 1.72972919661e-22 19.9999405478 1.35026590371e-60 5.00008692188
12.5752508361 61.9999794689 2.40039641022e-64 53.9999963552 4.10094281219e-24 48.0000059606 3.89153221898e-17 46.9999880999 1.18967635965e-42 35.9999749146 1.46836162912e-30 34.0000141632 0.000296486827554 27.000003976 2.46844317067e-10 29.0000095919 9.47397795266e-23 19.9999405478 4.37187395975e-61 5.00008692188
12.6421404682 61.9999794689 1.40567844138e-64 53.9999963552 2.7452698135e-24 48.0000059606 3.63973959737e-17 46.9999880999 5.70274346475e-43 35.9999749146 1.2845013677e-30 34.0000141709 0.000185633487861 27.0000039684 2.82177832252e-10 29.0000095919 5.18908169096e-23 19.9999405478 2.88050914045e-61 5.00008692188
12.7090301003 61.9999794689 8.23164847966e-65 53.9999963552 1.8377494839e-24 48.0000059606 3.40423863691e-17 46.9999880999 2.73103794405e-43 35.9999749146 1.12366308915e-30 34.0000141739 0.000116226969449 27.0000039654 3.2256901835e-10 29.0000095919 2.84207346556e-23 19.9999405478 5.19789155317e-62 5.00008692188
12.7759197324 61.9999794689 4.8204886526e-65 53.9999963552 1.23023467969e-24 48.0000059606 3.18397522336e-17 46.9999880999 1.30942513342e-43 35.9999749146 9.82964107834e-31 34.0000141751 7.27710220726e-05 27.0000039642 3.6874183586e-10 29.0000095919 1.55667059453e-23 19.9999405478 -4.80510275807e-62 5.00008692188
12.8428093645 61.9999794689 2.82299407822e-65 53.9999963552 8.23554015703e-25 48.0000059606 2.97796344648e-17 46.9999880999 6.26765664504e-44 35.9999749146 8.59882692926e-31 34.0000141755 4.55634495624e-05 27.0000039637 4.21523873273e-10 29.0000095919 8.52667841821e-24 19.9999405478 -1.32577303599e-61 5.00008692188
12.9096989967 61.9999794689 1.65314629201e-65 53.9999963552 5.51309811815e-25 48.0000059606 2.78528118682e-17 46.9999880999 2.9981100814e-44 35.9999749146 7.52212864751e-31 34.0000141757 2.85279673503e-05 27.0000039635 4.81861179839e-10 29.0000095919 4.66984288916e-24 19.9999405478 -1.24732588094e-61 5.00008692188
12.9765886288 61.9999794689 9.68104284603e-66 53.9999963552 3.69063186118e-25 48.0000059606 2.60506598871e-17 46.9999880999 1.44050663504e-44 35.9999749146 6.58024868462e-31 34.0000141758 1.78619429338e-05 27.0000039635 5.50835224274e-10 29.0000095919 2.55776618484e-24 19.9999405478 8.92824382648e-62 5.00008692188
13.0434782609 61.9999794689 5.66908798208e-66 53.9999963552 2.47063578063e-25 48.0000059606 2.43651120019e-17 46.9999880999 6.82589670873e-45 35.9999749146 5.75630590057e-31 34.0000141758 1.1183766365e-05 27.0000039634 6.29682284219e-10 29.0000095919 1.40047903419e-24 19.9999405478 -2.54349437602e-62 5.00008692188
13.110367893 61.9999794689 3.31907627393e-66 53.9999963552 1.65389595156e-25 48.0000059606 2.27886236036e-17 46.9999880999 3.24269118832e-45 35.9999749146 5.0355326837e-31 34.0000141758 7.00193074645e-06 27.0000039634 7.19815579807e-10 29.0000095919 7.66479901752e-25 19.9999405478 -2.38813956126e-61 5.00008692188
13.1772575251 61.9999794689 1.94341974864e-66 53.9999963552 1.10716248615e-25 48.0000059606 2.13141382536e-17 46.9999880999 1.56796531804e-45 35.9999749146 4.40501077264e-31 34.0000141758 4.38391190135e-06 27.0000039634 8.22850640095e-10 29.0000095919 4.19594516405e-25 19.9999405478 2.77969961874e-61 5.00008692188
13.2441471572 61.9999794689 1.13779597239e-66 53.9999963552 7.4116306376e-26 48.0000059606 1.99350560798e-17 46.9999880999 7.09859537969e-46 35.9999749146 3.85343938761e-31 34.0000141758 2.74471022743e-06 27.0000039634 9.40634235512e-10 29.0000095919 2.29588065243e-25 19.9999405478 -4.6317192442e-61 5.00008692188
13.3110367893 61.9999794689 6.66501236365e-67 53.9999963552 4.96168209948e-26 48.0000059606 1.86452041132e-17 46.9999880999 4.21976795557e-46 35.9999749146 3.37093217264e-31 34.0000141758 1.71867240194e-06 27.0000039634 1.07527778981e-09 29.0000095919 1.25906014196e-25 19.9999405478 6.22260460161e-61 5.00008692188
13.3779264214 61.9999794689 3.89223425442e-67 53.9999963552 3.32033122731e-26 48.0000059606 1.74388086686e-17 46.9999880999 1.20028625617e-46 35.9999749146 2.94883960754e-31 34.0000141758 1.07502596333e-06 27.0000039634 1.22919496627e-09 29.0000095919 6.83525373618e-26 19.9999405478 2.00341301626e-60 5.00008692188
13.4448160535 61.9999794689 2.27834384987e-67 53.9999963552 2.22249134874e-26 48.0000059606 1.63104702614e-17 46.9999880999 -2.06787370336e-47 35.9999749146 2.57959948076e-31 34.0000141758 6.72992833721e-07 27.0000039634 1.40514414647e-09 29.0000095919 3.73097028269e-26 19.9999405478 2.18552499296e-61 5.00008692188
13.5117056856 61.9999794689 1.33658471527e-67 53.9999963552 1.48665893377e-26 48.0000059606 1.5255128789e-17 46.9999880999 5.16873542742e-47 35.9999749146 2.2565703571e-31 34.0000141758 4.21104177233e-07 27.0000039634 1.6062643185e-09 29.0000095919 2.07181013518e-26 19.9999405478 -5.07955804651e-61 5.00008692188
13.5785953177 61.9999794689 7.8710765826e-68 53.9999963552 9.96318368452e-27 48.0000059606 1.42680895244e-17 46.9999880999 2.44006543349e-47 35.9999749146 1.97403394238e-31 34.0000141758 2.64343360923e-07 27.0000039634 1.83620483775e-09 29.0000095919 1.14632355859e-26 19.9999405478 1.1442715209e-60 5.00008692188
13.6454849498 61.9999794689 4.62910676188e-68 53.9999963552 6.67844900763e-27 48.0000059606 1.33449189587e-17 46.9999880999 -4.83926189538e-47 35.9999749146 1.72688273667e-31 34.0000141758 1.65957770291e-07 27.0000039634 2.09907567905e-09 29.0000095919 6.25400159256e-27 19.9999405478 6.87879441657e-61 5.00008692188
13.7123745819 61.9999794689 2.76634611843e-68 53.9999963552 4.48083900323e-27 48.0000059606 1.24814838706e-17 46.9999880999 -2.54938158234e-47 35.9999749146 1.51068510585e-31 34.0000141758 1.0456140664e-07 27.0000039634 2.39958678166e-09 29.0000095919 3.69292167319e-27 19.9999405478 -3.63465662047e-60 5.00008692188
13.779264214 61.9999794689 1.6136788051e-68 53.9999963552 2.99643109921e-27 48.0000059606 1.16739128081e-17 46.9999880999 3.28295870998e-47 35.9999749146 1.32154980571e-31 34.0000141758 6.5226640057e-08 27.0000039634 2.74311391417e-09 29.0000095919 2.11245490819e-27 19.9999405478 -5.48384171336e-60 5.00008692188
13.8461538462 61.9999794689 9.01326299265e-69 53.9999963552 1.99341558276e-27 48.0000059606 1.09184556368e-17 46.9999880999 3.27735622409e-47 35.9999749146 1.15597256097e-31 34.0000141758 4.01374133015e-08 27.0000039634 3.13610093211e-09 29.0000095919 1.02886224965e-27 19.9999405478 -1.65341108439e-60 5.00008692188
13.9130434783 61.9999794689 5.07334881056e-69 53.9999963552 1.33255261574e-27 48.0000059606 1.02120368719e-17 46.9999880999 -4.60305939424e-48 35.9999749146 1.01126783207e-31 34.0000141758 2.49107026585e-08 27.0000039634 3.5850389513e-09 29.0000095919 4.54601323315e-28 19.9999405478 3.2526383823e-60 5.00008692188
13.9799331104 61.9999794689 2.91870104363e-69 53.9999963552 8.84264498993e-28 48.0000059606 9.55093090145e-18 46.9999880999 -2.13188630724e-47 35.9999749146 8.84378579177e-32 34.0000141758 1.53691550718e-08 27.0000039634 4.09939609033e-09 29.0000095919 2.48836441284e-28 19.9999405478 3.56706722608e-60 5.00008692188
14.0468227425 61.9999794689 1.79794605076e-69 53.9999963552 5.90747937085e-28 48.0000059606 8.93257380321e-18 46.9999880999 -1.57184437615e-47 35.9999749146 7.73385960678e-32 34.0000141758 9.68129070862e-09 27.0000039634 4.68775698862e-09 29.0000095919 1.87227670653e-28 19.9999405478 7.54062988727e-61 5.00008692188
14.1137123746 61.9999794689 1.16008065263e-69 53.9999963552 3.98242183078e-28 48.0000059606 8.35429052262e-18 46.9999880999 -1.92172932594e-48 35.9999749146 6.76355578609e-32 34.0000141758 6.24221171959e-09 27.0000039634 5.36037914445e-09 29.0000095919 1.42687940388e-28 19.9999405478 -2.45312138848e-60 5.00008692188
14.1806020067 61.9999794689 7.29831742289e-70 53.9999963552 2.68783751905e-28 48.0000059606 7.81348158847e-18 46.9999880999 5.66883968931e-48 35.9999749146 5.91521144006e-32 34.0000141758 4.0247570125e-09 27.0000039634 6.12927426713e-09 29.0000095919 8.71904028441e-29 19.9999405478 -3.56025293196e-60 5.00008692188
14.2474916388 61.9999794689 4.39611640086e-70 53.9999963552 1.81032770726e-28 48.0000059606 7.30768919287e-18 46.9999880999 4.59744908576e-48 35.9999749146 5.1733093355e-32 34.0000141758 2.56909288777e-09 27.0000039634 7.00837209954e-09 29.0000095919 4.30345431936e-29 19.9999405478 -2.07699369824e-60 5.00008692188
14.3143812709 61.9999794689 2.59608065944e-70 53.9999963552 1.21715390296e-28 48.0000059606 6.83462149045e-18 46.9999880999 5.66850646246e-49 35.9999749146 4.52436352824e-32 34.0000141758 1.62903819753e-09 27.0000039634 8.0136856379e-09 29.0000095919 1.9668932061e-29 19.9999405478 4.06199395064e-61 5.00008692188
14.381270903 61.9999794689 1.54746820421e-70 53.9999963552 8.17367189924e-29 48.0000059606 6.39214078672e-18 46.9999880999 -1.87582710822e-48 35.9999749146 3.95663837576e-32 34.0000141758 1.03148511223e-09 27.0000039634 9.16364369382e-09 29.0000095919 1.07900552691e-29 19.9999405478 2.00248394512e-60 5.00008692188
14.4481605351 61.9999794689 9.49592868931e-71 53.9999963552 5.49245708772e-29 48.0000059606 5.97830492692e-18 46.9999880999 -1.77859079325e-48 35.9999749146 3.46015112967e-32 34.0000141758 6.55787716791e-10 27.0000039634 1.04787113332e-08 29.0000095919 7.99310383768e-30 19.9999405478 1.91521761257e-60 5.00008692188
14.5150501672 61.9999794689 5.9182422296e-71 53.9999963552 3.69649339998e-29 48.0000059606 5.59129597732e-18 46.9999880999 -3.95009973345e-49 35.9999749146 3.02611573313e-32 34.0000141758 4.18716232682e-10 27.0000039634 1.19819261227e-08 29.0000095919 5.91184676743e-30 19.9999405478 5.05621501239e-61 5.00008692188
14.5819397993 61.9999794689 2.69605824215e-71 53.9999963552 2.06226114808e-29 48.0000059606 5.22272392013e-18 46.9999880999 7.91786046448e-49 35.9999749146 2.62314009525e-32 34.0000141758 2.03040924813e-10 27.0000039634 1.40685991841e-08 29.0000095919 4.42923758871e-30 19.9999405478 -4.48385539682e-61 5.00008692188
14.6488294314 61.9999794689 -4.10697309404e-72 53.9999963552 4.89433198634e-30 48.0000059606 4.87117259953e-18 46.9999880999 1.75556427542e-48 35.9999749146 2.24612236345e-32 34.0000141758 -6.71062202326e-12 27.0000039634 1.68130396065e-08 29.0000095919 3.7040206661e-30 19.9999405478 -7.65400582712e-61 5.00008692188
14.7157190635 61.9999794689 -2.67781967857e-71 53.9999963552 -6.98855456716e-30 48.0000059606 4.54148757555e-18 46.9999880999 2.37893287358e-48 35.9999749146 1.9123372402e-32 34.0000141758 -1.6158597396e-10 27.0000039634 1.99539787012e-08 29.0000095919 3.02803473958e-30 19.9999405478 -9.56403451652e-61 5.00008692188
14.7826086957 61.9999794689 -4.10530886536e-71 53.9999963552 -1.50260481797e-29 48.0000059606 4.2336688482e-18 46.9999880999 2.66189184091e-48 35.9999749146 1.62178472551e-32 34.0000141758 -2.61585130996e-10 27.0000039634 2.34914164683e-08 29.0000095919 2.40127980914e-30 19.9999405478 -1.0213941465e-60 5.00008692188
14.8494983278 61.9999794689 -4.69316486977e-71 53.9999963552 -1.92181488512e-29 48.0000059606 3.94771641748e-18 46.9999880999 2.60444117742e-48 35.9999749146 1.37446481936e-32 34.0000141758 -3.06708093133e-10 27.0000039634 2.74253529077e-08 29.0000095919 1.82375587478e-30 19.9999405478 -9.60372667262e-61 5.00008692188
14.9163879599 61.9999794689 -4.44138769179e-71 53.9999963552 -1.95648565817e-29 48.0000059606 3.68363028338e-18 46.9999880999 2.20658088311e-48 35.9999749146 1.17037752177e-32 34.0000141758 -2.9695486037e-10 27.0000039634 3.17557880194e-08 29.0000095919 1.2954629365e-30 19.9999405478 -7.73339013932e-61 5.00008692188
14.983277592 61.9999794689 -3.34997733143e-71 53.9999963552 -1.60661713712e-29 48.0000059606 3.44141044591e-18 46.9999880999 1.46831095797e-48 35.9999749146 1.00952283273e-32 34.0000141758 -2.32325432707e-10 27.0000039634 3.64827218034e-08 29.0000095919 8.16400994312e-31 19.9999405478 -4.60293186513e-61 5.00008692188
15.0501672241 61.9999794689 -2.21788821904e-71 53.9999963552 -1.15962883421e-29 48.0000059606 3.22638545545e-18 46.9999880999 8.66144654456e-49 35.9999749146 8.90924942823e-33 34.0000141758 -1.60404314057e-10 27.0000039634 4.21804461054e-08 29.0000095919 5.1698915744e-31 19.9999405478 -2.37962257597e-61 5.00008692188
15.1170568562 61.9999794689 -1.48232190007e-71 53.9999963552 -8.40566939428e-30 48.0000059606 3.02577134065e-18 46.9999880999 5.21156470904e-49 35.9999749146 7.87450254393e-33 34.0000141758 -1.11506174846e-10 27.0000039634 4.88241774059e-08 29.0000095919 3.32961528601e-31 19.9999405478 -1.27511444211e-61 5.00008692188
15.1839464883 61.9999794689 -8.06006490161e-72 53.9999963552 -5.45034090151e-30 48.0000059606 2.82950276135e-18 46.9999880999 2.04978324949e-49 35.9999749146 6.87935293848e-33 34.0000141758 -6.64105934673e-11 27.0000039634 5.59079632724e-08 29.0000095919 1.64084174824e-31 19.9999405478 -2.58495714486e-62 5.00008692188
15.2508361204 61.9999794689 -3.79620063935e-72 53.9999963552 -3.38397529383e-30 48.0000059606 2.64568079984e-18 46.9999880999 3.23692947123e-50 35.9999749146 6.00413957947e-33 34.0000141758 -3.64945797414e-11 27.0000039634 6.40543550278e-08 29.0000095919 6.27457779145e-32 19.9999405478 2.07562466743e-62 5.00008692188
15.3177257525 61.9999794689 -1.45495899572e-72 53.9999963552 -2.03202476825e-30 48.0000059606 2.47369880293e-18 46.9999880999 -3.52567009355e-50 35.9999749146 5.23819837145e-33 34.0000141758 -1.84995940338e-11 27.0000039634 7.34078591382e-08 29.0000095919 1.2404762438e-32 19.9999405478 2.90230262319e-62 5.00008692188
15.3846153846 61.9999794689 8.34995780442e-74 53.9999963552 -1.06269625645e-30 48.0000059606 2.31247668746e-18 46.9999880999 -7.49696458007e-50 35.9999749146 4.56226111413e-33 34.0000141758 -6.16324790735e-12 27.0000039634 8.42130623868e-08 29.0000095919 -1.93795980764e-32 19.9999405478 3.34165328179e-62 5.00008692188
15.4515050167 61.9999794689 5.17559321136e-73 53.9999963552 -5.53767331157e-31 48.0000059606 2.16211202648e-18 46.9999880999 -6.29550748757e-50 35.9999749146 3.97881101416e-33 34.0000141758 -1.06946684145e-12 27.0000039634 9.64903207879e-08 29.0000095919 -2.33945837285e-32 19.9999405478 2.19863650523e-62 5.00008692188
15.5183946488 61.9999794689 8.75150572097e-73 53.9999963552 -1.60365030379e-31 48.0000059606 2.02094077057e-18 46.9999880999 -5.93237768596e-50 35.9999749146 3.46074549936e-33 34.0000141758 2.88771932704e-12 27.0000039634 1.10764150638e-07 29.0000095919 -2.77652163347e-32 19.9999405478 1.70894981159e-62 5.00008692188
15.5852842809 61.9999794689 7.72375836999e-73 53.9999963552 -4.30036407315e-33 48.0000059606 1.88937031729e-18 46.9999880999 -4.03633988798e-50 35.9999749146 3.01561734998e-33 34.0000141758 3.48471215024e-12 27.0000039634 1.27028216294e-07 29.0000095919 -2.1763041597e-32 19.9999405478 9.49681661943e-63 5.00008692188
15.652173913 61.9999794689 1.05866235868e-72 53.9999963552 2.79926652713e-31 48.0000059606 1.76355890952e-18 46.9999880999 -4.11931365229e-50 35.9999749146 2.59142696896e-33 34.0000141758 6.42138704135e-12 27.0000039634 1.47900138144e-07 29.0000095919 -2.60398906013e-32 19.9999405478 7.54823453733e-63 5.00008692188
15.7190635452 61.9999794689 1.1671624454e-72 53.9999963552 4.48407168989e-31 48.0000059606 1.64607026436e-18 46.9999880999 -3.83769214006e-50 35.9999749146 2.22287521127e-33 34.0000141758 7.89405010144e-12 27.0000039634 1.71633101392e-07 29.0000095919 -2.68141912592e-32 19.9999405478 5.67828287203e-63 5.00008692188
15.7859531773 61.9999794689 1.09787609716e-72 53.9999963552 5.01141184756e-31 48.0000059606 1.53690438181e-18 46.9999880999 -3.19147535131e-50 35.9999749146 1.90996207691e-33 34.0000141758 7.90270133053e-12 27.0000039634 1.9822710604e-07 29.0000095919 -2.40859435704e-32 19.9999405478 3.88696162353e-63 5.00008692188
15.8528428094 61.9999794689 8.5080331396e-73 53.9999963552 4.38128700014e-31 48.0000059606 1.43606126189e-18 46.9999880999 -2.18066328603e-50 35.9999749146 1.65268756588e-33 34.0000141758 6.4473407286e-12 27.0000039634 2.27682152086e-07 29.0000095919 -1.78551475351e-32 19.9999405478 2.17427079184e-63 5.00008692188
15.9197324415 61.9999794689 6.38873441918e-73 53.9999963552 3.75254335304e-31 48.0000059606 1.34133309851e-18 46.9999880999 -1.37909488191e-50 35.9999749146 1.4247921108e-33 34.0000141758 5.13861339557e-12 27.0000039634 2.62320265848e-07 29.0000095919 -1.26772810958e-32 19.9999405478 9.26911680637e-64 5.00008692188
15.9866220736 61.9999794689 4.86880131559e-73 53.9999963552 3.26011781543e-31 48.0000059606 1.25246281312e-18 46.9999880999 -8.53588369205e-51 35.9999749146 1.22321802822e-33 34.0000141758 4.16406403798e-12 27.0000039634 3.02411825789e-07 29.0000095919 -9.08278747292e-33 19.9999405478 1.89912075706e-64 5.00008692188
16.0535117057 61.9999794689 3.2079266024e-73 53.9999963552 2.50110574505e-31 48.0000059606 1.17021801e-18 46.9999880999 -4.0463291481e-51 35.9999749146 1.0570951764e-33 34.0000141758 2.96370774606e-12 27.0000039634 3.47149515821e-07 29.0000095919 -5.48782991395e-33 19.9999405478 -1.71175328983e-64 5.00008692188
16.1204013378 61.9999794689 1.82072214891e-73 53.9999963552 1.78902107063e-31 48.0000059606 1.09330627903e-18 46.9999880999 -7.63240810304e-52 35.9999749146 9.13457996192e-34 34.0000141758 1.91042712633e-12 27.0000039634 3.99157053643e-07 29.0000095919 -2.61353122178e-33 19.9999405478 -3.38401275339e-64 5.00008692188
16.1872909699 61.9999794689 9.785019745e-74 53.9999963552 1.32902126699e-31 48.0000059606 1.02088189196e-18 46.9999880999 1.02482845706e-51 35.9999749146 7.83822075497e-34 34.0000141758 1.24822937255e-12 27.0000039634 4.60151349566e-07 29.0000095919 -9.31780265545e-34 19.9999405478 -4.30896261494e-64 5.00008692188
16.254180602 61.9999794689 4.17511453081e-74 53.9999963552 9.21664988691e-32 48.0000059606 9.5376701323e-19 46.9999880999 1.59839181361e-51 35.9999749146 6.76435432414e-34 34.0000141758 7.3990585724e-13 27.0000039634 5.28463330099e-07 29.0000095919 1.61639830065e-35 19.9999405478 -3.32849021734e-64 5.00008692188
16.3210702341 61.9999794689 8.54462490924e-75 53.9999963552 5.8683785413e-32 48.0000059606 8.91431057832e-19 46.9999880999 1.41201310042e-51 35.9999749146 5.86893629358e-34 34.0000141758 3.77436239396e-13 27.0000039634 6.05999953914e-07 29.0000095919 4.2483463485e-34 19.9999405478 -1.52314967721e-64 5.00008692188
16.3879598662 61.9999794689 -1.15810131455e-74 53.9999963552 3.61842835171e-32 48.0000059606 8.32878713584e-19 46.9999880999 1.3183981191e-51 35.9999749146 5.06934483676e-34 34.0000141758 1.45775346743e-13 27.0000039634 6.963384407e-07 29.0000095919 6.59151855973e-34 19.9999405478 -9.19927483445e-65 5.00008692188
16.4548494983 61.9999794689 -1.3523544073e-74 53.9999963552 2.26077308173e-32 48.0000059606 7.7863504156e-19 46.9999880999 8.64175664398e-52 35.9999749146 4.40934707622e-34 34.0000141758 5.1908920075e-14 27.0000039634 7.97616593222e-07 29.0000095919 5.26921867646e-34 19.9999405478 -4.29901942413e-65 5.00008692188
16.5217391304 61.9999794689 -1.77120478303e-74 53.9999963552 1.14202170817e-32 48.0000059606 7.2751602162e-19 46.9999880999 6.43420261719e-52 35.9999749146 3.81218227665e-34 34.0000141758 -3.49888068772e-14 27.0000039634 9.17047289628e-07 29.0000095919 4.99539502145e-34 19.9999405478 -1.35127445289e-65 5.00008692188
16.5886287625 61.9999794689 -1.57672413313e-74 53.9999963552 5.30172024416e-33 48.0000059606 6.80007296776e-19 46.9999880999 4.12463638529e-52 35.9999749146 3.30933496561e-34 34.0000141758 -6.1257750898e-14 27.0000039634 1.05167206346e-06 29.0000095919 3.83655340246e-34 19.9999405478 -1.94819486924e-67 5.00008692188
16.6555183946 61.9999794689 -1.18761732601e-74 53.9999963552 2.00886955453e-33 48.0000059606 6.35675209712e-19 46.9999880999 2.24722006699e-52 35.9999749146 2.87776076627e-34 34.0000141758 -6.04805467488e-14 27.0000039634 1.20571981193e-06 29.0000095919 2.56552002033e-34 19.9999405478 4.50852807898e-66 5.00008692188
16.7224080268 61.9999794689 -8.47629746946e-75 53.9999963552 2.35706307603e-34 48.0000059606 5.94267310602e-19 46.9999880999 1.11291147829e-52 35.9999749146 2.50404459575e-34 34.0000141758 -5.22070321954e-14 27.0000039634 1.38165235067e-06 29.0000095919 1.63218890371e-34 19.9999405478 4.98952333652e-66 5.00008692188
16.7892976589 61.9999794689 -5.53328147604e-75 53.9999963552 -5.87906849317e-34 48.0000059606 5.55546263443e-19 46.9999880999 4.02354507933e-53 35.9999749146 2.17924637686e-34 34.0000141758 -4.03234570772e-14 27.0000039634 1.58402292612e-06 29.0000095919 9.26568019665e-35 19.9999405478 3.78220180984e-66 5.00008692188
16.856187291 61.9999794689 -3.44795199809e-75 53.9999963552 -8.42731710205e-34 48.0000059606 5.19402607303e-19 46.9999880999 7.78412144037e-54 35.9999749146 1.89858509894e-34 34.0000141758 -2.92185326404e-14 27.0000039634 1.81453045766e-06 29.0000095919 4.93402775947e-35 19.9999405478 2.34105203041e-66 5.00008692188
16.9230769231 61.9999794689 -1.97576721638e-75 53.9999963552 -8.18283208169e-34 48.0000059606 4.85615914102e-19 46.9999880999 -6.21897858044e-54 35.9999749146 1.65461223957e-34 34.0000141758 -1.97515274558e-14 27.0000039634 2.07886199441e-06 29.0000095919 2.24592673591e-35 19.9999405478 1.14468818569e-66 5.00008692188
16.9899665552 61.9999794689 -1.08442110708e-75 53.9999963552 -6.58290945821e-34 48.0000059606 4.54081372742e-19 46.9999880999 -8.11877764503e-54 35.9999749146 1.44378810946e-34 34.0000141758 -1.27171217414e-14 27.0000039634 2.37996380606e-06 29.0000095919 9.15889612568e-36 19.9999405478 4.71305526168e-67 5.00008692188
17.0568561873 61.9999794689 -5.23555374117e-76 53.9999963552 -5.15935017089e-34 48.0000059606 4.24562346574e-19 46.9999880999 -8.02106886418e-54 35.9999749146 1.2589875497e-34 34.0000141758 -7.85226033644e-15 27.0000039634 2.72606930075e-06 29.0000095919 1.64177124489e-36 19.9999405478 1.24519867804e-67 5.00008692188
17.1237458194 61.9999794689 -2.35995369448e-76 53.9999963552 -3.67323109795e-34 48.0000059606 3.9699521175e-19 46.9999880999 -5.31896132349e-54 35.9999749146 1.0988364832e-34 34.0000141758 -4.6567130578e-15 27.0000039634 3.1212757953e-06 29.0000095919 -7.90943134571e-37 19.9999405478 -8.49140696095e-69 5.00008692188
17.1906354515 61.9999794689 -8.33551353253e-77 53.9999963552 -2.57961164563e-34 48.0000059606 3.71219399592e-19 46.9999880999 -3.41148463031e-54 35.9999749146 9.59053813418e-35 34.0000141758 -2.66927505052e-15 27.0000039634 3.57330275844e-06 29.0000095919 -1.63059383038e-36 19.9999405478 -4.46229363959e-68 5.00008692188
17.2575250836 61.9999794689 -6.93384237949e-77 53.9999963552 -1.5358984306e-34 48.0000059606 3.47185535541e-19 46.9999880999 -5.10339730212e-55 35.9999749146 8.38954768748e-35 34.0000141758 -1.63287266013e-15 27.0000039634 4.08804193545e-06 29.0000095919 -1.12201069986e-37 19.9999405478 2.60818253432e-69 5.00008692188
17.3244147157 61.9999794689 -7.44220868897e-77 53.9999963552 -8.71348777639e-35 48.0000059606 3.24737189732e-19 46.9999880999 7.91357935754e-55 35.9999749146 7.34548833522e-35 34.0000141758 -1.09413795241e-15 27.0000039634 4.67420863688e-06 29.0000095919 8.8783186917e-37 19.9999405478 3.13288058846e-68 5.00008692188
17.3913043478 61.9999794689 -1.1901683277e-76 53.9999963552 -3.35857024001e-35 48.0000059606 3.03778409042e-19 46.9999880999 2.11745312348e-54 35.9999749146 6.44337159392e-35 34.0000141758 -9.35056341687e-16 27.0000039634 5.34464119074e-06 29.0000095919 2.37118830638e-36 19.9999405478 7.75628669223e-68 5.00008692188
17.4581939799 61.9999794689 -1.11993983289e-76 53.9999963552 -1.08888564382e-35 48.0000059606 2.84154056106e-19 46.9999880999 1.87762088646e-54 35.9999749146 5.64674429258e-35 34.0000141758 -7.44505687272e-16 27.0000039634 6.11073435803e-06 29.0000095919 2.3089649219e-36 19.9999405478 6.50637774545e-68 5.00008692188
17.525083612 61.9999794689 -1.12868104547e-76 53.9999963552 2.40424273675e-36 48.0000059606 2.65811551749e-19 46.9999880999 1.62191761242e-54 35.9999749146 4.95340402746e-35 34.0000141758 -6.80349591402e-16 27.0000039635 6.98821288022e-06 29.0000095919 2.29095806624e-36 19.9999405478 5.92631889661e-68 5.00008692188
17.5919732441 61.9999794689 -8.5632682182e-77 53.9999963552 4.30498716079e-36 48.0000059606 2.48633526344e-19 46.9999880999 9.94931148338e-55 35.9999749146 4.33969780293e-35 34.0000141758 -5.28155025748e-16 27.0000039635 7.99069820902e-06 29.0000095919 1.64269079928e-36 19.9999405478 3.47346542018e-68 5.00008692188
17.6588628763 61.9999794689 -6.25728212615e-77 53.9999963552 2.42252455651e-36 48.0000059606 2.32569889487e-19 46.9999880999 4.62831235661e-55 35.9999749146 3.80340791883e-35 34.0000141758 -4.22629360567e-16 27.0000039635 9.13909750955e-06 29.0000095919 1.07398576407e-36 19.9999405478 1.64808165488e-68 5.00008692188
17.7257525084 61.9999794689 -3.8529156757e-77 53.9999963552 1.46638291605e-37 48.0000059606 2.17532978668e-19 46.9999880999 1.32379436942e-55 35.9999749146 3.33030721351e-35 34.0000141758 -2.95485684094e-16 27.0000039635 1.04507308446e-05 29.0000095919 5.71321228354e-37 19.9999405478 4.19468955535e-69 5.00008692188
17.7926421405 61.9999794689 -1.97689366597e-77 53.9999963552 -2.74866580833e-36 48.0000059606 2.03470418826e-19 46.9999880999 -1.01357415763e-55 35.9999749146 2.91653578354e-35 34.0000141758 -1.99336155986e-16 27.0000039635 1.19529643156e-05 29.0000095918 1.87251489009e-37 19.9999405478 -3.76634642728e-69 5.00008692188
17.8595317726 61.9999794689 -9.40583715174e-78 53.9999963552 -3.19947995834e-36 48.0000059606 1.90310746586e-19 46.9999880999 -1.19161042742e-55 35.9999749146 2.55263253656e-35 34.0000141758 -1.25174077827e-16 27.0000039635 1.36677928317e-05 29.0000095918 3.33071219796e-38 19.9999405478 -3.75956881202e-69 5.00008692188
17.9264214047 61.9999794689 -4.4639184252e-78 53.9999963552 -2.67756088196e-36 48.0000059606 1.78001225697e-19 46.9999880999 -5.92805304497e-56 35.9999749146 2.23379540487e-35 34.0000141758 -7.48705953878e-17 27.0000039636 1.56291035185e-05 29.0000095918 -1.13791337615e-39 19.9999405478 -1.02641592152e-69 5.00008692188
17.9933110368 61.9999794689 -3.26136969795e-78 53.9999963552 -1.51811729547e-36 48.0000059606 1.66487053935e-19 46.9999880999 2.32516337612e-56 35.9999749146 1.95452347681e-35 34.0000141758 -4.45732290209e-17 27.0000039636 1.78718813235e-05 29.0000095918 3.27292540443e-38 19.9999405478 2.13299215507e-69 5.00008692188
18.0602006689 61.9999794689 -3.04038594854e-78 53.9999963552 -6.1119684641e-37 48.0000059606 1.55716895656e-19 46.9999880999 5.32116091077e-56 35.9999749146 1.71003843864e-35 34.0000141758 -2.8569872042e-17 27.0000039636 2.04349652792e-05 29.0000095917 5.60502338954e-38 19.9999405478 2.72646687202e-69 5.00008692188
18.127090301 61.9999794689 -2.80125219306e-78 53.9999963552 -5.63115132652e-38 48.0000059606 1.45644267898e-19 46.9999880999 4.93601754881e-56 35.9999749146 1.49627931733e-35 34.0000141758 -1.95584014934e-17 27.0000039637 2.33671372208e-05 29.0000095916 5.98040159287e-38 19.9999405478 1.86074996896e-69 5.00008692188
18.1939799331 61.9999794689 -2.05243373659e-78 53.9999963552 8.73451113871e-38 48.0000059606 1.36223101246e-19 46.9999880999 1.60285036913e-56 35.9999749146 1.30925784977e-35 34.0000141758 -1.42141243818e-17 27.0000039638 2.6719526339e-05 29.0000095916 3.80085475029e-38 19.9999405478 -1.97751646899e-71 5.00008692188
18.2608695652 61.9999794689 -1.09162149861e-78 53.9999963552 3.28432638523e-38 48.0000059606 1.27410834017e-19 46.9999880999 -1.03774278952e-56 35.9999749146 1.14555049266e-35 34.0000141758 -9.67776576045e-18 27.0000039639 3.05507545058e-05 29.0000095914 1.19855002124e-38 19.9999405478 -1.10925336174e-69 5.00008692188
18.3277591973 61.9999794689 -4.76346149256e-79 53.9999963552 -2.874070606e-38 48.0000059606 1.19168566265e-19 46.9999880999 -1.79906106006e-56 35.9999749146 1.00232668515e-35 34.0000141758 -6.44720234827e-18 27.000003964 3.49298931568e-05 29.0000095913 -1.66668527332e-39 19.9999405478 -1.1119753325e-69 5.00008692188
18.3946488294 61.9999794689 -1.58914092862e-79 53.9999963552 -6.20667432258e-38 48.0000059606 1.1145937379e-19 46.9999880999 -1.37020277309e-56 35.9999749146 8.77002863816e-36 34.0000141758 -4.10682954324e-18 27.0000039642 3.99358172417e-05 29.0000095911 -5.45221637938e-39 19.9999405478 -6.00202055841e-70 5.00008692188
18.4615384615 61.9999794689 -5.26208201148e-80 53.9999963552 -6.05343685456e-38 48.0000059606 1.04248739276e-19 46.9999880999 -6.63491439287e-57 35.9999749146 7.6733057534e-36 34.0000141758 -2.55614566194e-18 27.0000039645 4.56581342609e-05 29.0000095909 -4.01312404701e-39 19.9999405478 -1.57987158332e-70 5.00008692188
18.5284280936 61.9999794689 -2.97050166632e-80 53.9999963552 -4.63586148096e-38 48.0000059606 9.75045731016e-20 46.9999880999 -1.90707034823e-57 35.9999749146 6.7137280146e-36 34.0000141758 -1.58730967865e-18 27.0000039648 5.22002099596e-05 29.0000095905 -1.8451162283e-39 19.9999405478 3.78434218155e-71 5.00008692188
18.5953177258 61.9999794689 -2.88241480104e-80 53.9999963552 -3.05018035735e-38 48.0000059606 9.11965503415e-20 46.9999880999 2.6704500288e-59 35.9999749146 5.87396960981e-36 34.0000141758 -9.97167836052e-19 27.0000039652 5.96783342667e-05 29.0000095901 -4.46456134324e-40 19.9999405478 6.10694176693e-71 5.00008692188
18.6622073579 61.9999794689 -2.6576380827e-80 53.9999963552 -1.70407988146e-38 48.0000059606 8.52963547641e-20 46.9999880999 -1.22338015176e-58 35.9999749146 5.13890445515e-36 34.0000141758 -6.44777482982e-19 27.0000039658 6.82263443485e-05 29.0000095896 -4.82068998666e-41 19.9999405478 -8.40983305826e-72 5.00008692188
18.72909699 61.9999794689 -1.10146959339e-80 53.9999963552 -8.88881471797e-39 48.0000059606 7.97771526268e-20 46.9999880999 -1.33445388374e-57 35.9999749146 4.49496385315e-36 34.0000141758 -4.19203999436e-19 27.0000039665 7.79932181117e-05 29.0000095889 -5.21703984542e-40 19.9999405478 -9.09316018263e-71 5.00008692188
18.7959866221 61.9999794689 2.20150094926e-81 53.9999963552 -4.78894036137e-39 48.0000059606 7.46148817514e-20 46.9999880999 -1.81829967756e-57 35.9999749146 3.93146714051e-36 34.0000141758 -2.68098566131e-19 27.0000039674 8.91569294129e-05 29.0000095879 -8.55221021797e-40 19.9999405478 -1.0329090111e-70 5.00008692188
18.8628762542 61.9999794689 1.16846874862e-80 53.9999963552 -3.12382946985e-39 48.0000059606 6.97865357502e-20 46.9999880999 -1.78016107515e-57 35.9999749146 3.43843489518e-36 34.0000141758 -1.64056125595e-19 27.0000039686 0.000101918806115 29.0000095867 -1.00142652414e-39 19.9999405478 -8.23808332897e-71 5.00008692188
18.9297658863 61.9999794689 1.20560045879e-80 53.9999963552 -2.70688261526e-39 48.0000059606 6.52708269294e-20 46.9999880999 -9.89287344056e-58 35.9999749146 3.00744702107e-36 34.0000141758 -9.2689664482e-20 27.0000039702 0.000116509380649 29.0000095851 -7.19034368516e-40 19.9999405478 -2.83238161206e-71 5.00008692188
18.9966555184 61.9999794689 7.62099791694e-81 53.9999963552 -2.25478171535e-39 48.0000059606 6.10475095663e-20 46.9999880999 -2.7912397175e-58 35.9999749146 2.63070787664e-36 34.0000141758 -5.06796736096e-20 27.0000039723 0.000133189401782 29.000009583 -3.4629113052e-40 19.9999405478 4.53831714675e-72 5.00008692188
19.0635451505 61.9999794689 3.05431873793e-81 53.9999963552 -1.72355724104e-39 48.0000059606 5.70975432922e-20 46.9999880999 1.13471938219e-58 35.9999749146 2.30126243916e-36 34.0000141758 -2.71672540192e-20 27.0000039751 0.000152257860528 29.0000095803 -7.41928565067e-41 19.9999405478 1.4752921024e-71 5.00008692188
19.1304347826 61.9999794689 -4.01568088532e-82 53.9999963552 -1.04469591698e-39 48.0000059606 5.34031795874e-20 46.9999880999 2.00509566125e-58 35.9999749146 2.01310505051e-36 34.0000141758 -1.57056743801e-20 27.0000039786 0.000174058118703 29.0000095767 6.75962860049e-41 19.9999405478 8.11762281159e-72 5.00008692188
19.1973244147 61.9999794689 -9.36844549111e-82 53.9999963552 -5.17782022291e-40 48.0000059606 4.9947827052e-20 46.9999880999 6.66681423103e-59 35.9999749146 1.76100132525e-36 34.0000141758 -1.03871904307e-20 27.0000039833 0.000198978100173 29.0000095721 5.10192116251e-41 19.9999405478 -2.12113830693e-72 5.00008692188
19.2642140468 61.9999794689 -4.57252385096e-82 53.9999963552 -2.03422665295e-40 48.0000059606 4.6716026543e-20 46.9999880999 -4.45917606599e-59 35.9999749146 1.54044335829e-36 34.0000141758 -7.18922444161e-21 27.0000039894 0.000227465203438 29.000009566 4.44493183012e-42 19.9999405478 -6.16974202587e-72 5.00008692188
19.3311036789 61.9999794689 4.73095864624e-82 53.9999963552 -6.26410319469e-41 48.0000059606 4.36932959663e-20 46.9999880999 -1.08194343425e-58 35.9999749146 1.34746114286e-36 34.0000141758 -4.71857969311e-21 27.0000039973 0.000260032544378 29.000009558 -4.40004539409e-41 19.9999405478 -5.64416588615e-72 5.00008692188
19.397993311 61.9999794689 5.74910791482e-82 53.9999963552 -5.30387520767e-41 48.0000059606 4.08661762025e-20 46.9999880999 -6.03466879636e-59 35.9999749146 1.17868723766e-36 34.0000141758 -2.68838865858e-21 27.0000040077 0.000297259240793 29.0000095476 -3.56957650516e-41 19.9999405478 -1.48750671495e-72 5.00008692188
19.4648829431 61.9999794689 1.52610828943e-82 53.9999963552 -5.94409875308e-41 48.0000059606 3.82220006966e-20 46.9999880999 2.94460066753e-60 35.9999749146 1.03107833853e-36 34.0000141758 -1.46712450896e-21 27.0000040213 0.000339814337466 29.0000095341 -5.10046021407e-42 19.9999405478 6.59863774259e-73 5.00008692188
19.5317725753 61.9999794689 -1.53548902142e-82 53.9999963552 -4.48212093189e-41 48.0000059606 3.57489200275e-20 46.9999880999 1.74808768133e-59 35.9999749146 9.01964604037e-37 34.0000141758 -9.21593188173e-22 27.000004039 0.000388460997864 29.0000095163 9.8222543667e-42 19.9999405478 -1.56968717443e-73 5.00008692188
19.5986622074 61.9999794689 -1.61391438104e-82 53.9999963552 -2.04895094656e-41 48.0000059606 3.34358557802e-20 46.9999880999 -1.74336737158e-60 35.9999749146 7.89018515931e-37 34.0000141758 -6.91736744353e-22 27.0000040622 0.00044407172635 29.0000094932 5.66837970844e-42 19.9999405478 -1.32416278591e-72 5.00008692188
19.6655518395 61.9999794689 -1.16843434003e-83 53.9999963552 -2.34685709797e-42 48.0000059606 3.12724498709e-20 46.9999880999 -1.93803370895e-59 35.9999749146 6.90210608478e-37 34.0000141758 -5.27869995318e-22 27.0000040925 0.000507644091826 29.0000094629 -4.31650277052e-42 19.9999405478 -1.20553314153e-72 5.00008692188
19.7324414716 61.9999794689 1.09276678829e-82 53.9999963552 1.64693202317e-42 48.0000059606 2.92490188108e-20 46.9999880999 -1.66740470087e-59 35.9999749146 6.03771412245e-37 34.0000141758 -3.31216596902e-22 27.000004132 0.000580318266645 29.0000094233 -8.59566786126e-42 19.9999405478 2.40416258803e-74 5.00008692188
19.7993311037 61.9999794689 7.84276538873e-83 53.9999963552 -3.24850876332e-42 48.0000059606 2.73565114372e-20 46.9999880999 1.19069204527e-60 35.9999749146 5.28158462199e-37 34.0000141758 -1.5263011754e-22 27.0000041837 0.000663395787796 29.0000093716 -3.39424116805e-42 19.9999405478 8.96228873994e-73 5.00008692188
19.8662207358 61.9999794689 2.30508195117e-84 53.9999963552 -5.12285594394e-42 48.0000059606 2.55864611525e-20 46.9999880999 8.30371579962e-60 35.9999749146 4.62019263935e-37 34.0000141758 -7.29531617969e-23 27.0000042513 0.000758362928163 29.000009304 1.54636990272e-42 19.9999405478 4.37504696348e-73 5.00008692188
19.9331103679 61.9999794689 -2.350230391e-83 53.9999963552 -3.68006055118e-42 48.0000059606 2.39309420339e-20 46.9999880999 4.83174425766e-60 35.9999749146 4.04164528354e-37 34.0000141758 -4.94948599387e-23 27.0000043396 0.00086692151078 29.0000092158 2.06803979311e-42 19.9999405478 -4.76801020673e-74 5.00008692188
20.0 61.9999794689 -1.29421104435e-83 53.9999963552 -1.63587234483e-42 48.0000059606 2.23825404717e-20 46.9999880999 3.13295314233e-61 35.9999749146 3.53554595291e-37 34.0000141758 -4.02644139777e-23 27.0000044549 0.00099101917522 29.0000091004 6.7976863418e-43 19.9999405478 -1.35015265435e-73 5.00008692188
