0.0 382.0 0.001 2.0 0.001 915.0 0.001 774.0 0.001 746.0 0.001 349.0 0.001 408.0 0.001 678.0 0.001 531.0 0.001 707.0
0.066889632107 914.999708815 0.0851864796837 382.000317565 0.000593178652459 773.999704772 0.000159461245672 746.000172586 0.0950981847386 2.00009626555 2.29609554261e-11 349.542206401 13.3446497911 677.453776756 1.04624411579 408.004016847 1.72145807673e-05 592.909155671 84.043249568 645.090844322
0.133779264214 914.999722429 1.03335783967e-11 773.999853658 0.00106172808465 382.225055564 9.04506472338 745.77528424 1.3895126702e-18 677.999566912 0.0112916217048 2.00017779121 0.135123380039 352.742163761 36.0745009924 702.230533545 18.0706264688 409.027649192 0.0306004690209 530.999992907
0.200668896321 914.999722429 8.28386506187e-16 773.999853661 4.05575118641e-06 746.000121672 3.90299944192e-07 382.000218129 1.370971649e-11 677.999567101 1.52263678955e-06 706.999575587 4.92910587917e-07 392.456713359 37.8351607713 437.715289391 77.9087546389 457.828733892 0.00617681425439 2.00020477849
0.267558528428 914.999722429 6.64074597265e-20 773.999853661 6.23282225965e-07 746.000121672 9.86248110815e-18 382.000218229 0.00544305446193 677.999567001 1.05935302531e-05 706.999575587 6.98732343362e-13 531.000010492 0.142255904112 407.974863501 1.22515381416 349.025862736 2.37766408317e-13 2.00020469213
0.334448160535 914.999722429 5.32352248446e-24 773.999853661 9.57851493321e-08 746.000121672 1.35043497746e-24 677.999711535 0.0405518551014 382.000964292 0.537982242956 706.99868499 5.38969057903e-18 531.000174995 3.8005927004e-05 408.000141269 0.0236835671386 349.000420464 1.95861620409e-23 2.00020469213
0.401337792642 914.999722429 4.26757626474e-28 773.999853661 1.47201291005e-08 746.000121672 1.42914287182e-26 677.999717099 0.000467028958551 706.999969205 7.10889536054e-05 381.999674514 1.90055934485e-16 531.000174995 1.01560630221e-08 408.000150773 0.000457632282809 349.00041096 1.62798777247e-33 2.00020469213
0.468227424749 914.999722429 3.5142756296e-32 773.999853661 2.26216907091e-09 746.000121672 1.51236181955e-28 677.999717455 0.00324936082439 706.999968848 -5.92101807394e-11 381.999674514 4.06528708912e-12 531.000174995 2.73721378711e-12 408.000150776 8.84241229503e-06 349.000410957 -9.90928327094e-40 2.00020469213
0.535117056856 914.999722429 6.24132680825e-36 773.999853661 3.47645769014e-10 746.000121672 1.60137050942e-30 677.999734715 0.0226074527565 706.999951588 1.00673994033e-11 381.999674514 8.68571444959e-08 531.000174995 8.63008481872e-16 408.000150776 1.70880471009e-07 349.000410957 3.55394201246e-40 2.00020469213
0.602006688963 914.999722429 3.26264578479e-40 773.999853661 5.34256484908e-11 746.000121672 1.69458527445e-32 678.000570184 0.157286389583 706.99911612 -6.75620526241e-13 381.999674537 0.00185203326788 531.000174972 2.15484885397e-19 408.000150776 3.3018002864e-09 349.000410957 -1.44819545855e-39 2.00020469213
0.66889632107 914.999722429 2.61543832125e-44 773.999853661 8.21037962929e-12 746.000121672 1.79460059131e-34 678.040954473 1.09279172988 706.958731831 3.64354734174e-17 391.762276467 36.8688981214 521.237573042 5.95665213477e-23 408.000150776 6.37999253367e-11 349.000410957 1.90079073152e-43 2.00020469213
0.735785953177 914.999722429 2.09664929272e-48 773.999853661 1.26175977124e-12 746.000121672 1.96216477013e-36 679.86980731 7.12291024965 705.129878993 7.43677207589e-23 531.000215926 0.0264146474545 381.999633583 8.67962403071e-23 408.000150776 1.23279151753e-12 349.000410957 1.83121185609e-53 2.00020469213
0.802675585284 914.999722429 1.68075238388e-52 773.999853661 1.93905496863e-13 746.000121672 4.18255405734e-38 700.312738407 12.2152384664 684.686947896 1.15506863584e-27 531.00022061 1.23986178884e-06 381.999628899 4.94095412438e-22 408.000150776 2.38209780856e-14 349.000410957 -2.78265866649e-52 2.00020469213
0.869565217391 914.999722429 -1.56257721846e-56 773.999853661 2.97991268263e-14 746.000121672 2.70964064418e-39 706.821507426 2.26784821451 678.178178877 -4.73701733638e-31 531.00022061 -3.76036360933e-10 381.999628899 2.81268271785e-21 408.000150776 4.60284962012e-16 349.000410957 -1.38023000209e-47 2.00020469213
0.936454849498 914.999722429 3.69453243226e-56 773.999853661 4.5794877806e-15 746.000121672 1.98907546691e-40 706.996245876 0.327935718317 678.003440428 8.41348405852e-31 531.00022061 7.56929199594e-10 381.999628899 1.60114512166e-20 408.000150776 8.89398646595e-18 349.000410957 4.60053084211e-44 2.00020469213
1.00334448161 914.999722429 -7.09076974725e-57 773.999853661 7.03770102724e-16 746.000121672 1.46446636933e-41 706.999878061 0.0471403790443 677.999808242 -3.10421324852e-31 531.00022061 -3.47380999419e-10 381.999628899 9.11467800165e-20 408.000150776 1.71840471387e-19 349.000410957 -1.33234466127e-39 2.00020469213
1.07023411371 914.999722429 -8.79009305031e-57 773.999853661 1.08154566968e-16 746.000121672 1.07828792211e-42 706.99995311 0.00677554610084 677.999733193 -5.6150060504e-31 531.00022061 -7.01607435999e-10 381.999628899 5.1886167768e-19 408.000150776 3.32045343475e-21 349.000410957 -3.79719384358e-36 2.00020469213
1.13712374582 914.999722429 -2.23063848596e-57 773.999853661 1.6621023296e-17 746.000121672 7.93934426795e-44 706.999954661 0.00097385214376 677.999731642 -6.04062578675e-31 531.00022061 -9.68023253063e-10 381.999628899 2.95366776259e-18 408.000150776 6.41992815716e-23 349.000410957 -1.05891654387e-32 2.00020469213
1.20401337793 914.999722429 2.10609222184e-57 773.999853661 2.55424151381e-18 746.000121672 5.84558539678e-45 706.999954693 0.000139969014752 677.99973161 2.49865825347e-31 531.00022061 3.71731357874e-10 381.999628899 1.68145288499e-17 408.000150776 1.24470843445e-24 349.000410957 5.69200575836e-30 2.00020469213
1.27090301003 914.999722429 -1.67213153562e-57 773.999853661 3.92563778337e-19 746.000121672 4.30648282895e-46 706.999954693 2.0119821089e-05 677.99973161 -3.09070765827e-31 531.00022061 -5.22575866994e-10 381.999628899 9.57180306416e-17 408.000150776 2.42877994246e-26 349.000410957 2.50825915987e-27 2.00020469213
1.33779264214 914.999722429 -2.08880113406e-59 773.999853661 6.03758246888e-20 746.000121672 3.17496528097e-47 706.999954693 2.89434274357e-06 677.99973161 2.24491785567e-33 531.00022061 8.60725591233e-12 381.999628899 5.45211403843e-16 408.000150776 4.55558619203e-28 349.000410957 3.76796180811e-22 2.00020469213
1.40468227425 914.999722429 2.77049943135e-57 773.999853661 9.292692979e-21 746.000121672 2.26992848658e-48 706.999954693 4.1645397326e-07 677.99973161 4.78686443419e-31 531.00022061 5.77030340791e-10 381.999628899 3.11369394017e-15 408.000150776 7.79731650341e-30 349.000410957 5.06324298654e-16 2.00020469213
1.47157190635 914.999722429 -4.9255404655e-58 773.999853661 1.3822216267e-21 746.000121672 1.29750942453e-49 706.999954693 5.75882696066e-08 677.99973161 -2.27371400447e-31 531.00022061 -4.04880949675e-10 381.999628899 1.81436978304e-14 408.000150776 -2.40471901337e-30 349.000410957 1.07483484138e-13 2.00020469213
1.53846153846 914.999722429 1.93398509064e-58 773.999853661 1.94890704791e-22 746.000121672 9.64430808692e-51 706.999954693 7.56239750493e-09 677.99973161 8.14555396596e-32 531.00022061 1.41334828247e-10 381.999628899 1.16681318972e-13 408.000150776 -3.52835165991e-31 349.000410957 -1.13589786909e-14 2.00020469213
1.60535117057 914.999722429 2.52573001651e-59 773.999853661 9.92903481062e-23 746.000121672 1.35498195738e-50 706.999954693 4.20529189375e-09 677.99973161 9.09564515902e-33 531.00022061 1.49918359883e-11 381.999628899 7.47352124209e-13 408.000150776 -5.38982732542e-31 349.000410957 2.94417746825e-16 2.00020469213
1.67224080268 914.999722429 -1.39934946462e-58 773.999853661 3.79311703462e-23 746.000121672 -1.91061299426e-51 706.999954693 1.48408281938e-09 677.99973161 -5.51615268668e-32 531.00022061 -9.36866020341e-11 381.999628899 1.66286356947e-12 408.000150776 6.36562301204e-31 349.000410957 1.2665386481e-15 2.00020469213
1.73913043478 914.999722429 -2.76333328132e-58 773.999853661 2.06958805451e-23 746.000121672 -1.01897370324e-50 706.999954693 6.56980163209e-10 677.99973161 -1.0876841421e-31 531.00022061 -1.84652733755e-10 381.999628899 4.44332571071e-13 408.000150776 1.43007290591e-30 349.000410957 2.46560869784e-15 2.00020469213
1.80602006689 914.999722429 -1.0940969099e-58 773.999853661 7.58035224827e-24 746.000121672 -6.64047607834e-51 706.999954693 1.767411045e-10 677.99973161 -4.2621757061e-32 531.00022061 -7.21190253528e-11 381.999628899 1.51325880329e-13 408.000150776 7.46327027724e-31 349.000410957 8.21314794729e-16 2.00020469213
1.872909699 914.999722429 -3.58136555835e-59 773.999853661 -3.20107612766e-25 746.000121672 -4.82575403123e-51 706.999954693 -1.1322770493e-10 677.99973161 -1.35581192326e-32 531.00022061 -2.27278062965e-11 381.999628899 -1.6513169531e-14 408.000150776 4.13135568267e-31 349.000410957 1.33896122326e-16 2.00020469213
1.9397993311 914.999722429 -2.12125988995e-59 773.999853661 -3.10030502802e-24 746.000121672 -3.57161098016e-51 706.999954693 -1.99372084989e-10 677.99973161 -8.00226872866e-33 531.00022061 -1.33994362618e-11 381.999628899 1.00915339416e-14 408.000150776 2.72289520465e-31 349.000410957 7.44170848585e-17 2.00020469213
2.00668896321 914.999722429 1.27828424631e-59 773.999853661 -5.52498943978e-24 746.000121672 -3.99184151876e-52 706.999954693 -2.36199816662e-10 677.99973161 4.93375994185e-33 531.00022061 8.32067593605e-12 381.999628899 4.33293104835e-13 408.000150776 -5.66891116372e-32 349.000410957 -6.27642651338e-17 2.00020469213
2.07357859532 914.999722429 7.57658336922e-60 773.999853661 -3.60871206966e-24 746.000121672 -2.53101271254e-52 706.999954693 -1.53749932128e-10 677.99973161 2.92076595941e-33 531.00022061 4.92391336796e-12 381.999628899 1.89083426158e-13 408.000150776 -3.49077743618e-32 349.000410957 -3.65287382852e-17 2.00020469213
2.14046822742 914.999722429 2.37032427533e-60 773.999853661 -1.69243469954e-24 746.000121672 -1.07018390631e-52 706.999954693 -7.13000475928e-11 677.99973161 9.0777197697e-34 531.00022061 1.52715079987e-12 381.999628899 -5.51262525195e-14 408.000150776 -1.31264370863e-32 349.000410957 -1.02932114366e-17 2.00020469213
2.20735785953 914.999722429 5.30134450649e-61 773.999853661 -9.83645054541e-25 746.000121672 -5.38157459005e-53 706.999954693 -4.0860480135e-11 677.99973161 1.96607834906e-34 531.00022061 3.2730235138e-13 381.999628899 -1.34611923467e-13 408.000150776 -5.30240368295e-33 349.000410957 -1.08535057204e-18 2.00020469213
2.27424749164 914.999722429 4.96515711931e-61 773.999853661 -9.22914684743e-25 746.000121672 -5.04619709343e-53 706.999954693 -3.83348762614e-11 677.99973161 1.84136429198e-34 531.00022061 3.06538826399e-13 381.999628899 -1.25690135824e-13 408.000150776 -4.96926235483e-33 349.000410957 -1.01624668721e-18 2.00020469213
2.34113712375 914.999722429 4.62896973214e-61 773.999853661 -8.62184314945e-25 746.000121672 -4.71081959681e-53 706.999954693 -3.58092723879e-11 677.99973161 1.7166502349e-34 531.00022061 2.85775301418e-13 381.999628899 -1.16768348182e-13 408.000150776 -4.63612102671e-33 349.000410957 -9.47142802375e-19 2.00020469213
2.40802675585 914.999722429 4.29278234496e-61 773.999853661 -8.01453945146e-25 746.000121672 -4.3754421002e-53 706.999954693 -3.32836685144e-11 677.99973161 1.59193617782e-34 531.00022061 2.65011776437e-13 381.999628899 -1.07846560539e-13 408.000150776 -4.30297969859e-33 349.000410957 -8.78038917545e-19 2.00020469213
2.47491638796 914.999722429 3.95659495778e-61 773.999853661 -7.40723575348e-25 746.000121672 -4.04006460358e-53 706.999954693 -3.07580646409e-11 677.99973161 1.46722212074e-34 531.00022061 2.44248251455e-13 381.999628899 -9.89247728961e-14 408.000150776 -3.96983837047e-33 349.000410957 -8.08935032715e-19 2.00020469213
2.54180602007 914.999722429 3.6204075706e-61 773.999853661 -6.79993205549e-25 746.000121672 -3.70468710696e-53 706.999954693 -2.82324607674e-11 677.99973161 1.34250806367e-34 531.00022061 2.23484726474e-13 381.999628899 -9.00029852534e-14 408.000150776 -3.63669704235e-33 349.000410957 -7.39831147885e-19 2.00020469213
2.60869565217 914.999722429 3.28422018343e-61 773.999853661 -6.19262835751e-25 746.000121672 -3.36930961034e-53 706.999954693 -2.57068568939e-11 677.99973161 1.21779400659e-34 531.00022061 2.02721201493e-13 381.999628899 -8.10811976107e-14 408.000150776 -3.30355571423e-33 349.000410957 -6.70727263054e-19 2.00020469213
2.67558528428 914.999722429 2.94803279625e-61 773.999853661 -5.58532465952e-25 746.000121672 -3.03393211373e-53 706.999954693 -2.31812530203e-11 677.99973161 1.09307994951e-34 531.00022061 1.81957676511e-13 381.999628899 -7.21594099679e-14 408.000150776 -2.97041438611e-33 349.000410957 -6.01623378224e-19 2.00020469213
2.74247491639 914.999722429 2.61184540907e-61 773.999853661 -4.97802096154e-25 746.000121672 -2.69855461711e-53 706.999954693 -2.06556491468e-11 677.99973161 9.68365892433e-35 531.00022061 1.6119415153e-13 381.999628899 -6.32376223252e-14 408.000150776 -2.63727305799e-33 349.000410957 -5.32519493394e-19 2.00020469213
2.80936454849 914.999722429 2.2756580219e-61 773.999853661 -4.37071726356e-25 746.000121672 -2.36317712049e-53 706.999954693 -1.81300452733e-11 677.99973161 8.43651835355e-35 531.00022061 1.40430626549e-13 381.999628899 -5.43158346825e-14 408.000150776 -2.30413172987e-33 349.000410957 -4.63415608564e-19 2.00020469213
2.8762541806 914.999722429 1.93947063472e-61 773.999853661 -3.76341356557e-25 746.000121672 -2.02779962387e-53 706.999954693 -1.56044413998e-11 677.99973161 7.18937778277e-35 531.00022061 1.19667101567e-13 381.999628899 -4.53940470398e-14 408.000150776 -1.97099040175e-33 349.000410957 -3.94311723733e-19 2.00020469213
2.94314381271 914.999722429 1.60328324754e-61 773.999853661 -3.15610986759e-25 746.000121672 -1.69242212726e-53 706.999954693 -1.30788375263e-11 677.99973161 5.94223721199e-35 531.00022061 9.8903576586e-14 381.999628899 -3.64722593971e-14 408.000150776 -1.63784907363e-33 349.000410957 -3.25207838903e-19 2.00020469213
3.01003344482 914.999722429 1.26709586037e-61 773.999853661 -2.5488061696e-25 746.000121672 -1.35704463064e-53 706.999954693 -1.05532336527e-11 677.99973161 4.69509664121e-35 531.00022061 7.81400516047e-14 381.999628899 -2.75504717544e-14 408.000150776 -1.30470774551e-33 349.000410957 -2.56103954073e-19 2.00020469213
3.07692307692 914.999722429 9.30908473188e-62 773.999853661 -1.94150247162e-25 746.000121672 -1.02166713402e-53 706.999954693 -8.02762977923e-12 677.99973161 3.44795607043e-35 531.00022061 5.73765266234e-14 381.999628899 -1.86286841117e-14 408.000150776 -9.71566417388e-34 349.000410957 -1.87000069243e-19 2.00020469213
3.14381270903 914.999722429 5.94721086011e-62 773.999853661 -1.33419877363e-25 746.000121672 -6.86289637403e-54 706.999954693 -5.50202590571e-12 677.99973161 2.20081549965e-35 531.00022061 3.66130016421e-14 381.999628899 -9.70689646897e-15 408.000150776 -6.38425089268e-34 349.000410957 -1.17896184413e-19 2.00020469213
3.21070234114 914.999722429 2.58533698834e-62 773.999853661 -7.2689507565e-26 746.000121672 -3.50912140785e-54 706.999954693 -2.97642203219e-12 677.99973161 9.53674928871e-36 531.00022061 1.58494766608e-14 381.999628899 -7.85108826257e-16 408.000150776 -3.05283761148e-34 349.000410957 -4.87922995823e-20 2.00020469213
3.27759197324 914.999722429 3.49138191534e-63 773.999853661 -3.177735761e-26 746.000121672 -1.25965965006e-54 706.999954693 -1.27590394652e-12 677.99973161 1.24231511419e-36 531.00022061 2.0407266688e-15 381.999628899 5.02008437333e-15 408.000150776 -8.26978098402e-35 349.000410957 -2.91589812715e-21 2.00020469213
3.34448160535 914.999722429 3.27429329709e-63 773.999853661 -2.98527000039e-26 746.000121672 -1.18266358813e-54 706.999954693 -1.19854001367e-12 677.99973161 1.16504913044e-36 531.00022061 1.91379264343e-15 381.999628899 4.69414152912e-15 408.000150776 -7.76024778549e-35 349.000410957 -2.73387979653e-21 2.00020469213
3.41137123746 914.999722429 3.05720467883e-63 773.999853661 -2.79280423977e-26 746.000121672 -1.1056675262e-54 706.999954693 -1.12117608083e-12 677.99973161 1.08778314669e-36 531.00022061 1.78685861807e-15 381.999628899 4.36819868491e-15 408.000150776 -7.25071458696e-35 349.000410957 -2.55186146591e-21 2.00020469213
3.47826086957 914.999722429 2.84011606058e-63 773.999853661 -2.60033847916e-26 746.000121672 -1.02867146426e-54 706.999954693 -1.04381214799e-12 677.99973161 1.01051716295e-36 531.00022061 1.6599245927e-15 381.999628899 4.0422558407e-15 408.000150776 -6.74118138844e-35 349.000410957 -2.36984313529e-21 2.00020469213
3.54515050167 914.999722429 2.62302744232e-63 773.999853661 -2.40787271855e-26 746.000121672 -9.51675402331e-55 706.999954693 -9.66448215142e-13 677.99973161 9.33251179199e-37 531.00022061 1.53299056733e-15 381.999628899 3.71631299649e-15 408.000150776 -6.23164818991e-35 349.000410957 -2.18782480467e-21 2.00020469213
3.61204013378 914.999722429 2.40593882407e-63 773.999853661 -2.21540695793e-26 746.000121672 -8.74679340398e-55 706.999954693 -8.89084282298e-13 677.99973161 8.55985195453e-37 531.00022061 1.40605654197e-15 381.999628899 3.39037015228e-15 408.000150776 -5.72211499138e-35 349.000410957 -2.00580647405e-21 2.00020469213
3.67892976589 914.999722429 2.18885020581e-63 773.999853661 -2.02294119732e-26 746.000121672 -7.97683278465e-55 706.999954693 -8.11720349455e-13 677.99973161 7.78719211706e-37 531.00022061 1.2791225166e-15 381.999628899 3.06442730807e-15 408.000150776 -5.21258179286e-35 349.000410957 -1.82378814344e-21 2.00020469213
3.74581939799 914.999722429 1.97176158755e-63 773.999853661 -1.83047543671e-26 746.000121672 -7.20687216532e-55 706.999954693 -7.34356416612e-13 677.99973161 7.01453227959e-37 531.00022061 1.15218849123e-15 381.999628899 2.73848446386e-15 408.000150776 -4.70304859433e-35 349.000410957 -1.64176981282e-21 2.00020469213
3.8127090301 914.999722429 1.7546729693e-63 773.999853661 -1.6380096761e-26 746.000121672 -6.43691154599e-55 706.999954693 -6.56992483768e-13 677.99973161 6.24187244212e-37 531.00022061 1.02525446587e-15 381.999628899 2.41254161965e-15 408.000150776 -4.1935153958e-35 349.000410957 -1.4597514822e-21 2.00020469213
3.87959866221 914.999722429 1.53758435104e-63 773.999853661 -1.44554391548e-26 746.000121672 -5.66695092666e-55 706.999954693 -5.79628550925e-13 677.99973161 5.46921260466e-37 531.00022061 8.98320440502e-16 381.999628899 2.08659877544e-15 408.000150776 -3.68398219727e-35 349.000410957 -1.27773315158e-21 2.00020469213
3.94648829431 914.999722429 1.32049573279e-63 773.999853661 -1.25307815487e-26 746.000121672 -4.89699030734e-55 706.999954693 -5.02264618082e-13 677.99973161 4.69655276719e-37 531.00022061 7.71386415135e-16 381.999628899 1.76065593123e-15 408.000150776 -3.17444899875e-35 349.000410957 -1.09571482096e-21 2.00020469213
4.01337792642 914.999722429 1.10340711453e-63 773.999853661 -1.06061239426e-26 746.000121672 -4.12702968801e-55 706.999954693 -4.24900685238e-13 677.99973161 3.92389292972e-37 531.00022061 6.44452389769e-16 381.999628899 1.43471308702e-15 408.000150776 -2.66491580022e-35 349.000410957 -9.13696490342e-22 2.00020469213
4.08026755853 914.999722429 8.86318496279e-64 773.999853661 -8.68146633645e-27 746.000121672 -3.35706906868e-55 706.999954693 -3.47536752395e-13 677.99973161 3.15123309226e-37 531.00022061 5.17518364403e-16 381.999628899 1.10877024281e-15 408.000150776 -2.15538260169e-35 349.000410957 -7.31678159723e-22 2.00020469213
4.14715719064 914.999722429 6.69229878023e-64 773.999853661 -6.75680873032e-27 746.000121672 -2.58710844935e-55 706.999954693 -2.70172819552e-13 677.99973161 2.37857325479e-37 531.00022061 3.90584339036e-16 381.999628899 7.82827398603e-16 408.000150776 -1.64584940316e-35 349.000410957 -5.49659829104e-22 2.00020469213
4.21404682274 914.999722429 4.52141259768e-64 773.999853661 -4.83215112419e-27 746.000121672 -1.81714783002e-55 706.999954693 -1.92808886709e-13 677.99973161 1.60591341732e-37 531.00022061 2.6365031367e-16 381.999628899 4.56884554393e-16 408.000150776 -1.13631620464e-35 349.000410957 -3.67641498486e-22 2.00020469213
4.28093645485 914.999722429 2.35052641513e-64 773.999853661 -2.90749351806e-27 746.000121672 -1.04718721069e-55 706.999954693 -1.15444953865e-13 677.99973161 8.33253579853e-38 531.00022061 1.36716288304e-16 381.999628899 1.30941710183e-16 408.000150776 -6.2678300611e-36 349.000410957 -1.85623167867e-22 2.00020469213
4.34782608696 914.999722429 2.30142911604e-65 773.999853661 -1.02749336273e-27 746.000121672 -2.95108289564e-56 706.999954693 -3.98762831789e-14 677.99973161 7.85690865268e-39 531.00022061 1.27353111479e-17 381.999628899 -1.87386756773e-16 408.000150776 -1.29092705345e-36 349.000410957 -7.840876552e-24 2.00020469213
4.41471571906 914.999722429 2.28732895686e-65 773.999853661 -1.02121468255e-27 746.000121672 -2.93303317014e-56 706.999954693 -3.96325850911e-14 677.99973161 7.80877047662e-39 531.00022061 1.26572830275e-17 381.999628899 -1.86233884592e-16 408.000150776 -1.28302506863e-36 349.000410957 -7.79281934306e-24 2.00020469213
4.48160535117 914.999722429 2.27322879768e-65 773.999853661 -1.01493600238e-27 746.000121672 -2.91498344463e-56 706.999954693 -3.93888870034e-14 677.99973161 7.76063230057e-39 531.00022061 1.25792549072e-17 381.999628899 -1.85081012412e-16 408.000150776 -1.27512308382e-36 349.000410957 -7.74476213412e-24 2.00020469213
4.54849498328 914.999722429 2.2591286385e-65 773.999853661 -1.00865732221e-27 746.000121672 -2.89693371913e-56 706.999954693 -3.91451889157e-14 677.99973161 7.71249412451e-39 531.00022061 1.25012267869e-17 381.999628899 -1.83928140231e-16 408.000150776 -1.267221099e-36 349.000410957 -7.69670492519e-24 2.00020469213
4.61538461538 914.999722429 2.24502847932e-65 773.999853661 -1.00237864204e-27 746.000121672 -2.87888399363e-56 706.999954693 -3.8901490828e-14 677.99973161 7.66435594846e-39 531.00022061 1.24231986665e-17 381.999628899 -1.8277526805e-16 408.000150776 -1.25931911419e-36 349.000410957 -7.64864771625e-24 2.00020469213
4.68227424749 914.999722429 2.23092832013e-65 773.999853661 -9.96099961867e-28 746.000121672 -2.86083426813e-56 706.999954693 -3.86577927403e-14 677.99973161 7.61621777241e-39 531.00022061 1.23451705462e-17 381.999628899 -1.8162239587e-16 408.000150776 -1.25141712937e-36 349.000410957 -7.60059050731e-24 2.00020469213
4.7491638796 914.999722429 2.21682816095e-65 773.999853661 -9.89821281695e-28 746.000121672 -2.84278454262e-56 706.999954693 -3.84140946526e-14 677.99973161 7.56807959635e-39 531.00022061 1.22671424259e-17 381.999628899 -1.80469523689e-16 408.000150776 -1.24351514455e-36 349.000410957 -7.55253329837e-24 2.00020469213
4.81605351171 914.999722429 2.20272800177e-65 773.999853661 -9.83542601523e-28 746.000121672 -2.82473481712e-56 706.999954693 -3.81703965649e-14 677.99973161 7.5199414203e-39 531.00022061 1.21891143055e-17 381.999628899 -1.79316651509e-16 408.000150776 -1.23561315974e-36 349.000410957 -7.50447608943e-24 2.00020469213
4.88294314381 914.999722429 2.18862784259e-65 773.999853661 -9.77263921351e-28 746.000121672 -2.80668509162e-56 706.999954693 -3.79266984771e-14 677.99973161 7.47180324424e-39 531.00022061 1.21110861852e-17 381.999628899 -1.78163779328e-16 408.000150776 -1.22771117492e-36 349.000410957 -7.45641888049e-24 2.00020469213
4.94983277592 914.999722429 2.1745276834e-65 773.999853661 -9.7098524118e-28 746.000121672 -2.78863536612e-56 706.999954693 -3.76830003894e-14 677.99973161 7.42366506819e-39 531.00022061 1.20330580649e-17 381.999628899 -1.77010907147e-16 408.000150776 -1.21980919011e-36 349.000410957 -7.40836167155e-24 2.00020469213
5.01672240803 914.999722429 2.16042752422e-65 773.999853661 -9.64706561008e-28 746.000121672 -2.77058564061e-56 706.999954693 -3.74393023017e-14 677.99973161 7.37552689214e-39 531.00022061 1.19550299445e-17 381.999628899 -1.75858034967e-16 408.000150776 -1.21190720529e-36 349.000410957 -7.36030446261e-24 2.00020469213
5.08361204013 914.999722429 2.14632736504e-65 773.999853661 -9.58427880836e-28 746.000121672 -2.75253591511e-56 706.999954693 -3.7195604214e-14 677.99973161 7.32738871608e-39 531.00022061 1.18770018242e-17 381.999628899 -1.74705162786e-16 408.000150776 -1.20400522047e-36 349.000410957 -7.31224725367e-24 2.00020469213
5.15050167224 914.999722429 2.13222720586e-65 773.999853661 -9.52149200664e-28 746.000121672 -2.73448618961e-56 706.999954693 -3.69519061263e-14 677.99973161 7.27925054003e-39 531.00022061 1.17989737039e-17 381.999628899 -1.73552290605e-16 408.000150776 -1.19610323566e-36 349.000410957 -7.26419004473e-24 2.00020469213
5.21739130435 914.999722429 2.11812704668e-65 773.999853661 -9.45870520493e-28 746.000121672 -2.71643646411e-56 706.999954693 -3.67082080386e-14 677.99973161 7.23111236397e-39 531.00022061 1.17209455835e-17 381.999628899 -1.72399418425e-16 408.000150776 -1.18820125084e-36 349.000410957 -7.21613283579e-24 2.00020469213
5.28428093645 914.999722429 2.10402688749e-65 773.999853661 -9.39591840321e-28 746.000121672 -2.69838673861e-56 706.999954693 -3.64645099508e-14 677.99973161 7.18297418792e-39 531.00022061 1.16429174632e-17 381.999628899 -1.71246546244e-16 408.000150776 -1.18029926603e-36 349.000410957 -7.16807562685e-24 2.00020469213
5.35117056856 914.999722429 2.08992672831e-65 773.999853661 -9.33313160149e-28 746.000121672 -2.6803370131e-56 706.999954693 -3.62208118631e-14 677.99973161 7.13483601186e-39 531.00022061 1.15648893429e-17 381.999628899 -1.70093674063e-16 408.000150776 -1.17239728121e-36 349.000410957 -7.12001841791e-24 2.00020469213
5.41806020067 914.999722429 2.07582656913e-65 773.999853661 -9.27034479977e-28 746.000121672 -2.6622872876e-56 706.999954693 -3.59771137754e-14 677.99973161 7.08669783581e-39 531.00022061 1.14868612225e-17 381.999628899 -1.68940801883e-16 408.000150776 -1.16449529639e-36 349.000410957 -7.07196120897e-24 2.00020469213
5.48494983278 914.999722429 2.06172640995e-65 773.999853661 -9.20755799806e-28 746.000121672 -2.6442375621e-56 706.999954693 -3.57334156877e-14 677.99973161 7.03855965976e-39 531.00022061 1.14088331022e-17 381.999628899 -1.67787929702e-16 408.000150776 -1.15659331158e-36 349.000410957 -7.02390400003e-24 2.00020469213
5.55183946488 914.999722429 2.04762625076e-65 773.999853661 -9.14477119634e-28 746.000121672 -2.6261878366e-56 706.999954693 -3.54897176e-14 677.99973161 6.9904214837e-39 531.00022061 1.13308049819e-17 381.999628899 -1.66635057521e-16 408.000150776 -1.14869132676e-36 349.000410957 -6.9758467911e-24 2.00020469213
5.61872909699 914.999722429 2.03352609158e-65 773.999853661 -9.08198439462e-28 746.000121672 -2.60813811109e-56 706.999954693 -3.52460195123e-14 677.99973161 6.94228330765e-39 531.00022061 1.12527768615e-17 381.999628899 -1.65482185341e-16 408.000150776 -1.14078934194e-36 349.000410957 -6.92778958216e-24 2.00020469213
5.6856187291 914.999722429 2.0194259324e-65 773.999853661 -9.0191975929e-28 746.000121672 -2.59008838559e-56 706.999954693 -3.50023214245e-14 677.99973161 6.89414513159e-39 531.00022061 1.11747487412e-17 381.999628899 -1.6432931316e-16 408.000150776 -1.13288735713e-36 349.000410957 -6.87973237322e-24 2.00020469213
5.7525083612 914.999722429 2.00532577322e-65 773.999853661 -8.95641079119e-28 746.000121672 -2.57203866009e-56 706.999954693 -3.47586233368e-14 677.99973161 6.84600695554e-39 531.00022061 1.10967206209e-17 381.999628899 -1.6317644098e-16 408.000150776 -1.12498537231e-36 349.000410957 -6.83167516428e-24 2.00020469213
5.81939799331 914.999722429 1.99122561404e-65 773.999853661 -8.89362398947e-28 746.000121672 -2.55398893459e-56 706.999954693 -3.45149252491e-14 677.99973161 6.79786877948e-39 531.00022061 1.10186925006e-17 381.999628899 -1.62023568799e-16 408.000150776 -1.1170833875e-36 349.000410957 -6.78361795534e-24 2.00020469213
5.88628762542 914.999722429 1.97712545485e-65 773.999853661 -8.83083718775e-28 746.000121672 -2.53593920908e-56 706.999954693 -3.42712271614e-14 677.99973161 6.74973060343e-39 531.00022061 1.09406643802e-17 381.999628899 -1.60870696618e-16 408.000150776 -1.10918140268e-36 349.000410957 -6.7355607464e-24 2.00020469213
5.95317725753 914.999722429 1.96302529567e-65 773.999853661 -8.76805038603e-28 746.000121672 -2.51788948358e-56 706.999954693 -3.40275290737e-14 677.99973161 6.70159242738e-39 531.00022061 1.08626362599e-17 381.999628899 -1.59717824438e-16 408.000150776 -1.10127941786e-36 349.000410957 -6.68750353746e-24 2.00020469213
6.02006688963 914.999722429 1.94892513649e-65 773.999853661 -8.70526358432e-28 746.000121672 -2.49983975808e-56 706.999954693 -3.3783830986e-14 677.99973161 6.65345425132e-39 531.00022061 1.07846081396e-17 381.999628899 -1.58564952257e-16 408.000150776 -1.09337743305e-36 349.000410957 -6.63944632852e-24 2.00020469213
6.08695652174 914.999722429 1.93482497731e-65 773.999853661 -8.6424767826e-28 746.000121672 -2.48179003258e-56 706.999954693 -3.35401328983e-14 677.99973161 6.60531607527e-39 531.00022061 1.07065800192e-17 381.999628899 -1.57412080076e-16 408.000150776 -1.08547544823e-36 349.000410957 -6.59138911958e-24 2.00020469213
6.15384615385 914.999722429 1.92072481812e-65 773.999853661 -8.57968998088e-28 746.000121672 -2.46374030707e-56 706.999954693 -3.32964348105e-14 677.99973161 6.55717789921e-39 531.00022061 1.06285518989e-17 381.999628899 -1.56259207896e-16 408.000150776 -1.07757346342e-36 349.000410957 -6.54333191064e-24 2.00020469213
6.22073578595 914.999722429 1.90662465894e-65 773.999853661 -8.51690317916e-28 746.000121672 -2.44569058157e-56 706.999954693 -3.30527367228e-14 677.99973161 6.50903972316e-39 531.00022061 1.05505237786e-17 381.999628899 -1.55106335715e-16 408.000150776 -1.0696714786e-36 349.000410957 -6.4952747017e-24 2.00020469213
6.28762541806 914.999722429 1.89252449976e-65 773.999853661 -8.45411637744e-28 746.000121672 -2.42764085607e-56 706.999954693 -3.28090386351e-14 677.99973161 6.4609015471e-39 531.00022061 1.04724956582e-17 381.999628899 -1.53953463534e-16 408.000150776 -1.06176949378e-36 349.000410957 -6.44721749276e-24 2.00020469213
6.35451505017 914.999722429 1.87842434058e-65 773.999853661 -8.39132957573e-28 746.000121672 -2.40959113057e-56 706.999954693 -3.25653405474e-14 677.99973161 6.41276337105e-39 531.00022061 1.03944675379e-17 381.999628899 -1.52800591354e-16 408.000150776 -1.05386750897e-36 349.000410957 -6.39916028382e-24 2.00020469213
6.42140468227 914.999722429 1.8643241814e-65 773.999853661 -8.32854277401e-28 746.000121672 -2.39154140507e-56 706.999954693 -3.23216424597e-14 677.99973161 6.364625195e-39 531.00022061 1.03164394176e-17 381.999628899 -1.51647719173e-16 408.000150776 -1.04596552415e-36 349.000410957 -6.35110307488e-24 2.00020469213
6.48829431438 914.999722429 1.85022402221e-65 773.999853661 -8.26575597229e-28 746.000121672 -2.37349167956e-56 706.999954693 -3.2077944372e-14 677.99973161 6.31648701894e-39 531.00022061 1.02384112972e-17 381.999628899 -1.50494846993e-16 408.000150776 -1.03806353934e-36 349.000410957 -6.30304586594e-24 2.00020469213
6.55518394649 914.999722429 1.83612386303e-65 773.999853661 -8.20296917057e-28 746.000121672 -2.35544195406e-56 706.999954693 -3.18342462842e-14 677.99973161 6.26834884289e-39 531.00022061 1.01603831769e-17 381.999628899 -1.49341974812e-16 408.000150776 -1.03016155452e-36 349.000410957 -6.25498865701e-24 2.00020469213
6.6220735786 914.999722429 1.82202370385e-65 773.999853661 -8.14018236886e-28 746.000121672 -2.33739222856e-56 706.999954693 -3.15905481965e-14 677.99973161 6.22021066683e-39 531.00022061 1.00823550566e-17 381.999628899 -1.48189102631e-16 408.000150776 -1.0222595697e-36 349.000410957 -6.20693144807e-24 2.00020469213
6.6889632107 914.999722429 1.80792354467e-65 773.999853661 -8.07739556714e-28 746.000121672 -2.31934250306e-56 706.999954693 -3.13468501088e-14 677.99973161 6.17207249078e-39 531.00022061 1.00043269362e-17 381.999628899 -1.47036230451e-16 408.000150776 -1.01435758489e-36 349.000410957 -6.15887423913e-24 2.00020469213
6.75585284281 914.999722429 1.79382338548e-65 773.999853661 -8.01460876542e-28 746.000121672 -2.30129277755e-56 706.999954693 -3.11031520211e-14 677.99973161 6.12393431472e-39 531.00022061 9.92629881591e-18 381.999628899 -1.4588335827e-16 408.000150776 -1.00645560007e-36 349.000410957 -6.11081703019e-24 2.00020469213
6.82274247492 914.999722429 1.7797232263e-65 773.999853661 -7.9518219637e-28 746.000121672 -2.28324305205e-56 706.999954693 -3.08594539334e-14 677.99973161 6.07579613867e-39 531.00022061 9.84827069558e-18 381.999628899 -1.44730486089e-16 408.000150776 -9.98553615257e-37 349.000410957 -6.06275982125e-24 2.00020469213
6.88963210702 914.999722429 1.76562306712e-65 773.999853661 -7.88903516199e-28 746.000121672 -2.26519332655e-56 706.999954693 -3.06157558457e-14 677.99973161 6.02765796262e-39 531.00022061 9.77024257524e-18 381.999628899 -1.43577613909e-16 408.000150776 -9.90651630441e-37 349.000410957 -6.01470261231e-24 2.00020469213
6.95652173913 914.999722429 1.75152290794e-65 773.999853661 -7.82624836027e-28 746.000121672 -2.24714360105e-56 706.999954693 -3.0372057758e-14 677.99973161 5.97951978656e-39 531.00022061 9.69221445491e-18 381.999628899 -1.42424741728e-16 408.000150776 -9.82749645625e-37 349.000410957 -5.96664540337e-24 2.00020469213
7.02341137124 914.999722429 1.73742274876e-65 773.999853661 -7.76346155855e-28 746.000121672 -2.22909387554e-56 706.999954693 -3.01283596702e-14 677.99973161 5.93138161051e-39 531.00022061 9.61418633458e-18 381.999628899 -1.41271869547e-16 408.000150776 -9.74847660809e-37 349.000410957 -5.91858819443e-24 2.00020469213
7.09030100334 914.999722429 1.72332258957e-65 773.999853661 -7.70067475683e-28 746.000121672 -2.21104415004e-56 706.999954693 -2.98846615825e-14 677.99973161 5.88324343445e-39 531.00022061 9.53615821425e-18 381.999628899 -1.40118997367e-16 408.000150776 -9.66945675993e-37 349.000410957 -5.87053098549e-24 2.00020469213
7.15719063545 914.999722429 1.70922243039e-65 773.999853661 -7.63788795512e-28 746.000121672 -2.19299442454e-56 706.999954693 -2.96409634948e-14 677.99973161 5.8351052584e-39 531.00022061 9.45813009392e-18 381.999628899 -1.38966125186e-16 408.000150776 -9.59043691177e-37 349.000410957 -5.82247377655e-24 2.00020469213
7.22408026756 914.999722429 1.69512227121e-65 773.999853661 -7.5751011534e-28 746.000121672 -2.17494469904e-56 706.999954693 -2.93972654071e-14 677.99973161 5.78696708234e-39 531.00022061 9.38010197358e-18 381.999628899 -1.37813253006e-16 408.000150776 -9.5114170636e-37 349.000410957 -5.77441656761e-24 2.00020469213
7.29096989967 914.999722429 1.68102211203e-65 773.999853661 -7.51231435168e-28 746.000121672 -2.15689497353e-56 706.999954693 -2.91535673194e-14 677.99973161 5.73882890629e-39 531.00022061 9.30207385325e-18 381.999628899 -1.36660380825e-16 408.000150776 -9.43239721544e-37 349.000410957 -5.72635935867e-24 2.00020469213
7.35785953177 914.999722429 1.66692195284e-65 773.999853661 -7.44952754996e-28 746.000121672 -2.13884524803e-56 706.999954693 -2.89098692317e-14 677.99973161 5.69069073024e-39 531.00022061 9.22404573292e-18 381.999628899 -1.35507508644e-16 408.000150776 -9.35337736728e-37 349.000410957 -5.67830214973e-24 2.00020469213
7.42474916388 914.999722429 1.65282179366e-65 773.999853661 -7.38674074825e-28 746.000121672 -2.12079552253e-56 706.999954693 -2.86661711439e-14 677.99973161 5.64255255418e-39 531.00022061 9.14601761259e-18 381.999628899 -1.34354636464e-16 408.000150776 -9.27435751912e-37 349.000410957 -5.63024494079e-24 2.00020469213
7.49163879599 914.999722429 1.63872163448e-65 773.999853661 -7.32395394653e-28 746.000121672 -2.10274579703e-56 706.999954693 -2.84224730562e-14 677.99973161 5.59441437813e-39 531.00022061 9.06798949226e-18 381.999628899 -1.33201764283e-16 408.000150776 -9.19533767096e-37 349.000410957 -5.58218773185e-24 2.00020469213
7.55852842809 914.999722429 1.6246214753e-65 773.999853661 -7.26116714481e-28 746.000121672 -2.08469607152e-56 706.999954693 -2.81787749685e-14 677.99973161 5.54627620207e-39 531.00022061 8.98996137193e-18 381.999628899 -1.32048892102e-16 408.000150776 -9.1163178228e-37 349.000410957 -5.53413052292e-24 2.00020469213
7.6254180602 914.999722429 1.61052131612e-65 773.999853661 -7.19838034309e-28 746.000121672 -2.06664634602e-56 706.999954693 -2.79350768808e-14 677.99973161 5.49813802602e-39 531.00022061 8.91193325159e-18 381.999628899 -1.30896019922e-16 408.000150776 -9.03729797464e-37 349.000410957 -5.48607331398e-24 2.00020469213
7.69230769231 914.999722429 1.59642115693e-65 773.999853661 -7.13559354138e-28 746.000121672 -2.04859662052e-56 706.999954693 -2.76913787931e-14 677.99973161 5.44999984997e-39 531.00022061 8.83390513126e-18 381.999628899 -1.29743147741e-16 408.000150776 -8.95827812648e-37 349.000410957 -5.43801610504e-24 2.00020469213
7.75919732441 914.999722429 1.58232099775e-65 773.999853661 -7.07280673966e-28 746.000121672 -2.03054689502e-56 706.999954693 -2.74476807054e-14 677.99973161 5.40186167391e-39 531.00022061 8.75587701093e-18 381.999628899 -1.2859027556e-16 408.000150776 -8.87925827832e-37 349.000410957 -5.3899588961e-24 2.00020469213
7.82608695652 914.999722429 1.56822083857e-65 773.999853661 -7.01001993794e-28 746.000121672 -2.01249716952e-56 706.999954693 -2.72039826176e-14 677.99973161 5.35372349786e-39 531.00022061 8.6778488906e-18 381.999628899 -1.2743740338e-16 408.000150776 -8.80023843016e-37 349.000410957 -5.34190168716e-24 2.00020469213
7.89297658863 914.999722429 1.55412067939e-65 773.999853661 -6.94723313622e-28 746.000121672 -1.99444744401e-56 706.999954693 -2.69602845299e-14 677.99973161 5.3055853218e-39 531.00022061 8.59982077027e-18 381.999628899 -1.26284531199e-16 408.000150776 -8.721218582e-37 349.000410957 -5.29384447822e-24 2.00020469213
7.95986622074 914.999722429 1.5400205202e-65 773.999853661 -6.88444633451e-28 746.000121672 -1.97639771851e-56 706.999954693 -2.67165864422e-14 677.99973161 5.25744714575e-39 531.00022061 8.52179264994e-18 381.999628899 -1.25131659018e-16 408.000150776 -8.64219873384e-37 349.000410957 -5.24578726928e-24 2.00020469213
8.02675585284 914.999722429 1.52592036102e-65 773.999853661 -6.82165953279e-28 746.000121672 -1.95834799301e-56 706.999954693 -2.64728883545e-14 677.99973161 5.20930896969e-39 531.00022061 8.4437645296e-18 381.999628899 -1.23978786838e-16 408.000150776 -8.56317888568e-37 349.000410957 -5.19773006034e-24 2.00020469213
8.09364548495 914.999722429 1.51182020184e-65 773.999853661 -6.75887273107e-28 746.000121672 -1.94029826751e-56 706.999954693 -2.62291902668e-14 677.99973161 5.16117079364e-39 531.00022061 8.36573640927e-18 381.999628899 -1.22825914657e-16 408.000150776 -8.48415903752e-37 349.000410957 -5.1496728514e-24 2.00020469213
8.16053511706 914.999722429 1.49772004266e-65 773.999853661 -6.69608592935e-28 746.000121672 -1.922248542e-56 706.999954693 -2.59854921791e-14 677.99973161 5.11303261759e-39 531.00022061 8.28770828894e-18 381.999628899 -1.21673042477e-16 408.000150776 -8.40513918936e-37 349.000410957 -5.10161564246e-24 2.00020469213
8.22742474916 914.999722429 1.48361988348e-65 773.999853661 -6.63329912764e-28 746.000121672 -1.9041988165e-56 706.999954693 -2.57417940914e-14 677.99973161 5.06489444153e-39 531.00022061 8.20968016861e-18 381.999628899 -1.20520170296e-16 408.000150776 -8.3261193412e-37 349.000410957 -5.05355843352e-24 2.00020469213
8.29431438127 914.999722429 1.46951972429e-65 773.999853661 -6.57051232592e-28 746.000121672 -1.886149091e-56 706.999954693 -2.54980960036e-14 677.99973161 5.01675626548e-39 531.00022061 8.13165204828e-18 381.999628899 -1.19367298115e-16 408.000150776 -8.24709949304e-37 349.000410957 -5.00550122458e-24 2.00020469213
8.36120401338 914.999722429 1.45541956511e-65 773.999853661 -6.5077255242e-28 746.000121672 -1.8680993655e-56 706.999954693 -2.52543979159e-14 677.99973161 4.96861808942e-39 531.00022061 8.05362392794e-18 381.999628899 -1.18214425935e-16 408.000150776 -8.16807964488e-37 349.000410957 -4.95744401564e-24 2.00020469213
8.42809364548 914.999722429 1.44131940593e-65 773.999853661 -6.44493872248e-28 746.000121672 -1.85004963999e-56 706.999954693 -2.50106998282e-14 677.99973161 4.92047991337e-39 531.00022061 7.97559580761e-18 381.999628899 -1.17061553754e-16 408.000150776 -8.08905979672e-37 349.000410957 -4.9093868067e-24 2.00020469213
8.49498327759 914.999722429 1.42721924675e-65 773.999853661 -6.38215192077e-28 746.000121672 -1.83199991449e-56 706.999954693 -2.47670017405e-14 677.99973161 4.87234173731e-39 531.00022061 7.89756768728e-18 381.999628899 -1.15908681573e-16 408.000150776 -8.01003994856e-37 349.000410957 -4.86132959776e-24 2.00020469213
8.5618729097 914.999722429 1.41311908756e-65 773.999853661 -6.31936511905e-28 746.000121672 -1.81395018899e-56 706.999954693 -2.45233036528e-14 677.99973161 4.82420356126e-39 531.00022061 7.81953956695e-18 381.999628899 -1.14755809393e-16 408.000150776 -7.9310201004e-37 349.000410957 -4.81327238883e-24 2.00020469213
8.62876254181 914.999722429 1.39901892838e-65 773.999853661 -6.25657831733e-28 746.000121672 -1.79590046349e-56 706.999954693 -2.42796055651e-14 677.99973161 4.77606538521e-39 531.00022061 7.74151144662e-18 381.999628899 -1.13602937212e-16 408.000150776 -7.85200025224e-37 349.000410957 -4.76521517989e-24 2.00020469213
8.69565217391 914.999722429 1.3849187692e-65 773.999853661 -6.19379151561e-28 746.000121672 -1.77785073798e-56 706.999954693 -2.40359074773e-14 677.99973161 4.72792720915e-39 531.00022061 7.66348332629e-18 381.999628899 -1.12450065031e-16 408.000150776 -7.77298040408e-37 349.000410957 -4.71715797095e-24 2.00020469213
8.76254180602 914.999722429 1.37081861002e-65 773.999853661 -6.13100471389e-28 746.000121672 -1.75980101248e-56 706.999954693 -2.37922093896e-14 677.99973161 4.6797890331e-39 531.00022061 7.58545520595e-18 381.999628899 -1.11297192851e-16 408.000150776 -7.69396055592e-37 349.000410957 -4.66910076201e-24 2.00020469213
8.82943143813 914.999722429 1.35671845084e-65 773.999853661 -6.06821791218e-28 746.000121672 -1.74175128698e-56 706.999954693 -2.35485113019e-14 677.99973161 4.63165085704e-39 531.00022061 7.50742708562e-18 381.999628899 -1.1014432067e-16 408.000150776 -7.61494070776e-37 349.000410957 -4.62104355307e-24 2.00020469213
8.89632107023 914.999722429 1.34261829165e-65 773.999853661 -6.00543111046e-28 746.000121672 -1.72370156148e-56 706.999954693 -2.33048132142e-14 677.99973161 4.58351268099e-39 531.00022061 7.42939896529e-18 381.999628899 -1.0899144849e-16 408.000150776 -7.5359208596e-37 349.000410957 -4.57298634413e-24 2.00020469213
8.96321070234 914.999722429 1.32851813247e-65 773.999853661 -5.94264430874e-28 746.000121672 -1.70565183598e-56 706.999954693 -2.30611151265e-14 677.99973161 4.53537450493e-39 531.00022061 7.35137084496e-18 381.999628899 -1.07838576309e-16 408.000150776 -7.45690101144e-37 349.000410957 -4.52492913519e-24 2.00020469213
9.03010033445 914.999722429 1.31441797329e-65 773.999853661 -5.87985750702e-28 746.000121672 -1.68760211047e-56 706.999954693 -2.28174170388e-14 677.99973161 4.48723632888e-39 531.00022061 7.27334272463e-18 381.999628899 -1.06685704128e-16 408.000150776 -7.37788116328e-37 349.000410957 -4.47687192625e-24 2.00020469213
9.09698996656 914.999722429 1.30031781411e-65 773.999853661 -5.81707070531e-28 746.000121672 -1.66955238497e-56 706.999954693 -2.25737189511e-14 677.99973161 4.43909815283e-39 531.00022061 7.1953146043e-18 381.999628899 -1.05532831948e-16 408.000150776 -7.29886131512e-37 349.000410957 -4.42881471731e-24 2.00020469213
9.16387959866 914.999722429 1.28621765492e-65 773.999853661 -5.75428390359e-28 746.000121672 -1.65150265947e-56 706.999954693 -2.23300208633e-14 677.99973161 4.39095997677e-39 531.00022061 7.11728648396e-18 381.999628899 -1.04379959767e-16 408.000150776 -7.21984146696e-37 349.000410957 -4.38075750837e-24 2.00020469213
9.23076923077 914.999722429 1.27211749574e-65 773.999853661 -5.69149710187e-28 746.000121672 -1.63345293397e-56 706.999954693 -2.20863227756e-14 677.99973161 4.34282180072e-39 531.00022061 7.03925836363e-18 381.999628899 -1.03227087586e-16 408.000150776 -7.1408216188e-37 349.000410957 -4.33270029943e-24 2.00020469213
9.29765886288 914.999722429 1.25801733656e-65 773.999853661 -5.62871030015e-28 746.000121672 -1.61540320846e-56 706.999954693 -2.18426246879e-14 677.99973161 4.29468362466e-39 531.00022061 6.9612302433e-18 381.999628899 -1.02074215406e-16 408.000150776 -7.06180177064e-37 349.000410957 -4.28464309049e-24 2.00020469213
9.36454849498 914.999722429 1.24391717738e-65 773.999853661 -5.56592349844e-28 746.000121672 -1.59735348296e-56 706.999954693 -2.15989266002e-14 677.99973161 4.24654544861e-39 531.00022061 6.88320212297e-18 381.999628899 -1.00921343225e-16 408.000150776 -6.98278192248e-37 349.000410957 -4.23658588155e-24 2.00020469213
9.43143812709 914.999722429 1.2298170182e-65 773.999853661 -5.50313669672e-28 746.000121672 -1.57930375746e-56 706.999954693 -2.13552285125e-14 677.99973161 4.19840727255e-39 531.00022061 6.80517400264e-18 381.999628899 -9.97684710444e-17 408.000150776 -6.90376207432e-37 349.000410957 -4.18852867261e-24 2.00020469213
9.4983277592 914.999722429 1.21571685901e-65 773.999853661 -5.440349895e-28 746.000121672 -1.56125403196e-56 706.999954693 -2.11115304248e-14 677.99973161 4.1502690965e-39 531.00022061 6.7271458823e-18 381.999628899 -9.86155988638e-17 408.000150776 -6.82474222616e-37 349.000410957 -4.14047146368e-24 2.00020469213
9.5652173913 914.999722429 1.20161669983e-65 773.999853661 -5.37756309328e-28 746.000121672 -1.54320430645e-56 706.999954693 -2.0867832337e-14 677.99973161 4.10213092045e-39 531.00022061 6.64911776197e-18 381.999628899 -9.74627266831e-17 408.000150776 -6.745722378e-37 349.000410957 -4.09241425474e-24 2.00020469213
9.63210702341 914.999722429 1.18751654065e-65 773.999853661 -5.31477629157e-28 746.000121672 -1.52515458095e-56 706.999954693 -2.06241342493e-14 677.99973161 4.05399274439e-39 531.00022061 6.57108964164e-18 381.999628899 -9.63098545025e-17 408.000150776 -6.66670252984e-37 349.000410957 -4.0443570458e-24 2.00020469213
9.69899665552 914.999722429 1.17341638147e-65 773.999853661 -5.25198948985e-28 746.000121672 -1.50710485545e-56 706.999954693 -2.03804361616e-14 677.99973161 4.00585456834e-39 531.00022061 6.49306152131e-18 381.999628899 -9.51569823218e-17 408.000150776 -6.58768268168e-37 349.000410957 -3.99629983686e-24 2.00020469213
9.76588628763 914.999722429 1.15931622228e-65 773.999853661 -5.18920268813e-28 746.000121672 -1.48905512995e-56 706.999954693 -2.01367380739e-14 677.99973161 3.95771639228e-39 531.00022061 6.41503340098e-18 381.999628899 -9.40041101412e-17 408.000150776 -6.50866283352e-37 349.000410957 -3.94824262792e-24 2.00020469213
9.83277591973 914.999722429 1.1452160631e-65 773.999853661 -5.12641588641e-28 746.000121672 -1.47100540444e-56 706.999954693 -1.98930399862e-14 677.99973161 3.90957821623e-39 531.00022061 6.33700528065e-18 381.999628899 -9.28512379606e-17 408.000150776 -6.42964298536e-37 349.000410957 -3.90018541898e-24 2.00020469213
9.89966555184 914.999722429 1.13111590392e-65 773.999853661 -5.0636290847e-28 746.000121672 -1.45295567894e-56 706.999954693 -1.96493418985e-14 677.99973161 3.86144004017e-39 531.00022061 6.25897716031e-18 381.999628899 -9.16983657799e-17 408.000150776 -6.3506231372e-37 349.000410957 -3.85212821004e-24 2.00020469213
9.96655518395 914.999722429 1.11701574474e-65 773.999853661 -5.00084228298e-28 746.000121672 -1.43490595344e-56 706.999954693 -1.94056438107e-14 677.99973161 3.81330186412e-39 531.00022061 6.18094903998e-18 381.999628899 -9.05454935993e-17 408.000150776 -6.27160328904e-37 349.000410957 -3.8040710011e-24 2.00020469213
10.0334448161 914.999722429 1.10291558556e-65 773.999853661 -4.93805548126e-28 746.000121672 -1.41685622794e-56 706.999954693 -1.9161945723e-14 677.99973161 3.76516368807e-39 531.00022061 6.10292091965e-18 381.999628899 -8.93926214186e-17 408.000150776 -6.19258344088e-37 349.000410957 -3.75601379216e-24 2.00020469213
10.1003344482 914.999722429 1.08881542637e-65 773.999853661 -4.87526867954e-28 746.000121672 -1.39880650243e-56 706.999954693 -1.89182476353e-14 677.99973161 3.71702551201e-39 531.00022061 6.02489279932e-18 381.999628899 -8.8239749238e-17 408.000150776 -6.11356359272e-37 349.000410957 -3.70795658322e-24 2.00020469213
10.1672240803 914.999722429 1.07471526719e-65 773.999853661 -4.81248187783e-28 746.000121672 -1.38075677693e-56 706.999954693 -1.86745495476e-14 677.99973161 3.66888733596e-39 531.00022061 5.94686467899e-18 381.999628899 -8.70868770574e-17 408.000150776 -6.03454374456e-37 349.000410957 -3.65989937428e-24 2.00020469213
10.2341137124 914.999722429 1.06061510801e-65 773.999853661 -4.74969507611e-28 746.000121672 -1.36270705143e-56 706.999954693 -1.84308514599e-14 677.99973161 3.6207491599e-39 531.00022061 5.86883655866e-18 381.999628899 -8.59340048767e-17 408.000150776 -5.9555238964e-37 349.000410957 -3.61184216534e-24 2.00020469213
10.3010033445 914.999722429 1.04651494883e-65 773.999853661 -4.68690827439e-28 746.000121672 -1.34465732593e-56 706.999954693 -1.81871533722e-14 677.99973161 3.57261098385e-39 531.00022061 5.79080843832e-18 381.999628899 -8.47811326961e-17 408.000150776 -5.87650404824e-37 349.000410957 -3.5637849564e-24 2.00020469213
10.3678929766 914.999722429 1.03241478964e-65 773.999853661 -4.62412147267e-28 746.000121672 -1.32660760043e-56 706.999954693 -1.79434552845e-14 677.99973161 3.5244728078e-39 531.00022061 5.71278031799e-18 381.999628899 -8.36282605154e-17 408.000150776 -5.79748420008e-37 349.000410957 -3.51572774746e-24 2.00020469213
10.4347826087 914.999722429 1.01831463046e-65 773.999853661 -4.56133467096e-28 746.000121672 -1.30855787492e-56 706.999954693 -1.76997571967e-14 677.99973161 3.47633463174e-39 531.00022061 5.63475219766e-18 381.999628899 -8.24753883348e-17 408.000150776 -5.71846435192e-37 349.000410957 -3.46767053852e-24 2.00020469213
10.5016722408 914.999722429 1.00421447128e-65 773.999853661 -4.49854786924e-28 746.000121672 -1.29050814942e-56 706.999954693 -1.7456059109e-14 677.99973161 3.42819645569e-39 531.00022061 5.55672407733e-18 381.999628899 -8.13225161542e-17 408.000150776 -5.63944450376e-37 349.000410957 -3.41961332959e-24 2.00020469213
10.5685618729 914.999722429 9.90114312098e-66 773.999853661 -4.43576106752e-28 746.000121672 -1.27245842392e-56 706.999954693 -1.72123610213e-14 677.99973161 3.38005827963e-39 531.00022061 5.478695957e-18 381.999628899 -8.01696439735e-17 408.000150776 -5.5604246556e-37 349.000410957 -3.37155612065e-24 2.00020469213
10.635451505 914.999722429 9.76014152916e-66 773.999853661 -4.3729742658e-28 746.000121672 -1.25440869842e-56 706.999954693 -1.69686629336e-14 677.99973161 3.33192010358e-39 531.00022061 5.40066783666e-18 381.999628899 -7.90167717929e-17 408.000150776 -5.48140480743e-37 349.000410957 -3.32349891171e-24 2.00020469213
10.7023411371 914.999722429 9.61913993734e-66 773.999853661 -4.31018746409e-28 746.000121672 -1.23635897291e-56 706.999954693 -1.67249648459e-14 677.99973161 3.28378192752e-39 531.00022061 5.32263971633e-18 381.999628899 -7.78638996122e-17 408.000150776 -5.40238495927e-37 349.000410957 -3.27544170277e-24 2.00020469213
10.7692307692 914.999722429 9.47813834552e-66 773.999853661 -4.24740066237e-28 746.000121672 -1.21830924741e-56 706.999954693 -1.64812667582e-14 677.99973161 3.23564375147e-39 531.00022061 5.244611596e-18 381.999628899 -7.67110274316e-17 408.000150776 -5.32336511111e-37 349.000410957 -3.22738449383e-24 2.00020469213
10.8361204013 914.999722429 9.33713675369e-66 773.999853661 -4.18461386065e-28 746.000121672 -1.20025952191e-56 706.999954693 -1.62375686704e-14 677.99973161 3.18750557542e-39 531.00022061 5.16658347567e-18 381.999628899 -7.5558155251e-17 408.000150776 -5.24434526295e-37 349.000410957 -3.17932728489e-24 2.00020469213
10.9030100334 914.999722429 9.19613516187e-66 773.999853661 -4.12182705893e-28 746.000121672 -1.18220979641e-56 706.999954693 -1.59938705827e-14 677.99973161 3.13936739936e-39 531.00022061 5.08855535534e-18 381.999628899 -7.44052830703e-17 408.000150776 -5.16532541479e-37 349.000410957 -3.13127007595e-24 2.00020469213
10.9698996656 914.999722429 9.05513357005e-66 773.999853661 -4.05904025722e-28 746.000121672 -1.1641600709e-56 706.999954693 -1.5750172495e-14 677.99973161 3.09122922331e-39 531.00022061 5.01052723501e-18 381.999628899 -7.32524108897e-17 408.000150776 -5.08630556663e-37 349.000410957 -3.08321286701e-24 2.00020469213
11.0367892977 914.999722429 8.91413197823e-66 773.999853661 -3.9962534555e-28 746.000121672 -1.1461103454e-56 706.999954693 -1.55064744073e-14 677.99973161 3.04309104725e-39 531.00022061 4.93249911467e-18 381.999628899 -7.2099538709e-17 408.000150776 -5.00728571847e-37 349.000410957 -3.03515565807e-24 2.00020469213
11.1036789298 914.999722429 8.77313038641e-66 773.999853661 -3.93346665378e-28 746.000121672 -1.1280606199e-56 706.999954693 -1.52627763196e-14 677.99973161 2.9949528712e-39 531.00022061 4.85447099434e-18 381.999628899 -7.09466665284e-17 408.000150776 -4.92826587031e-37 349.000410957 -2.98709844913e-24 2.00020469213
11.1705685619 914.999722429 8.63212879458e-66 773.999853661 -3.87067985206e-28 746.000121672 -1.1100108944e-56 706.999954693 -1.50190782319e-14 677.99973161 2.94681469514e-39 531.00022061 4.77644287401e-18 381.999628899 -6.97937943478e-17 408.000150776 -4.84924602215e-37 349.000410957 -2.93904124019e-24 2.00020469213
11.237458194 914.999722429 8.49112720276e-66 773.999853661 -3.80789305035e-28 746.000121672 -1.09196116889e-56 706.999954693 -1.47753801442e-14 677.99973161 2.89867651909e-39 531.00022061 4.69841475368e-18 381.999628899 -6.86409221671e-17 408.000150776 -4.77022617399e-37 349.000410957 -2.89098403125e-24 2.00020469213
11.3043478261 914.999722429 8.35012561094e-66 773.999853661 -3.74510624863e-28 746.000121672 -1.07391144339e-56 706.999954693 -1.45316820564e-14 677.99973161 2.85053834304e-39 531.00022061 4.62038663335e-18 381.999628899 -6.74880499865e-17 408.000150776 -4.69120632583e-37 349.000410957 -2.84292682231e-24 2.00020469213
11.3712374582 914.999722429 8.20912401912e-66 773.999853661 -3.68231944691e-28 746.000121672 -1.05586171789e-56 706.999954693 -1.42879839687e-14 677.99973161 2.80240016698e-39 531.00022061 4.54235851302e-18 381.999628899 -6.63351778058e-17 408.000150776 -4.61218647767e-37 349.000410957 -2.79486961337e-24 2.00020469213
11.4381270903 914.999722429 8.06812242729e-66 773.999853661 -3.61953264519e-28 746.000121672 -1.03781199239e-56 706.999954693 -1.4044285881e-14 677.99973161 2.75426199093e-39 531.00022061 4.46433039268e-18 381.999628899 -6.51823056252e-17 408.000150776 -4.53316662951e-37 349.000410957 -2.74681240443e-24 2.00020469213
11.5050167224 914.999722429 7.92712083547e-66 773.999853661 -3.55674584347e-28 746.000121672 -1.01976226689e-56 706.999954693 -1.38005877933e-14 677.99973161 2.70612381487e-39 531.00022061 4.38630227235e-18 381.999628899 -6.40294334446e-17 408.000150776 -4.45414678135e-37 349.000410957 -2.6987551955e-24 2.00020469213
11.5719063545 914.999722429 7.78611924365e-66 773.999853661 -3.49395904176e-28 746.000121672 -1.00171254138e-56 706.999954693 -1.35568897056e-14 677.99973161 2.65798563882e-39 531.00022061 4.30827415202e-18 381.999628899 -6.28765612639e-17 408.000150776 -4.37512693319e-37 349.000410957 -2.65069798656e-24 2.00020469213
11.6387959866 914.999722429 7.64511765183e-66 773.999853661 -3.43117224004e-28 746.000121672 -9.8366281588e-57 706.999954693 -1.33131916179e-14 677.99973161 2.60984746276e-39 531.00022061 4.23024603169e-18 381.999628899 -6.17236890833e-17 408.000150776 -4.29610708503e-37 349.000410957 -2.60264077762e-24 2.00020469213
11.7056856187 914.999722429 7.50411606001e-66 773.999853661 -3.36838543832e-28 746.000121672 -9.65613090378e-57 706.999954693 -1.30694935301e-14 677.99973161 2.56170928671e-39 531.00022061 4.15221791136e-18 381.999628899 -6.05708169027e-17 408.000150776 -4.21708723687e-37 349.000410957 -2.55458356868e-24 2.00020469213
11.7725752508 914.999722429 7.36311446818e-66 773.999853661 -3.3055986366e-28 746.000121672 -9.47563364876e-57 706.999954693 -1.28257954424e-14 677.99973161 2.51357111066e-39 531.00022061 4.07418979102e-18 381.999628899 -5.9417944722e-17 408.000150776 -4.13806738871e-37 349.000410957 -2.50652635974e-24 2.00020469213
11.8394648829 914.999722429 7.22211287636e-66 773.999853661 -3.24281183489e-28 746.000121672 -9.29513639373e-57 706.999954693 -1.25820973547e-14 677.99973161 2.4654329346e-39 531.00022061 3.99616167069e-18 381.999628899 -5.82650725414e-17 408.000150776 -4.05904754055e-37 349.000410957 -2.4584691508e-24 2.00020469213
11.9063545151 914.999722429 7.08111128454e-66 773.999853661 -3.18002503317e-28 746.000121672 -9.11463913871e-57 706.999954693 -1.2338399267e-14 677.99973161 2.41729475855e-39 531.00022061 3.91813355036e-18 381.999628899 -5.71122003607e-17 408.000150776 -3.98002769239e-37 349.000410957 -2.41041194186e-24 2.00020469213
11.9732441472 914.999722429 6.94010969272e-66 773.999853661 -3.11723823145e-28 746.000121672 -8.93414188369e-57 706.999954693 -1.20947011793e-14 677.99973161 2.36915658249e-39 531.00022061 3.84010543003e-18 381.999628899 -5.59593281801e-17 408.000150776 -3.90100784423e-37 349.000410957 -2.36235473292e-24 2.00020469213
12.0401337793 914.999722429 6.7991081009e-66 773.999853661 -3.05445142973e-28 746.000121672 -8.75364462866e-57 706.999954693 -1.18510030916e-14 677.99973161 2.32101840644e-39 531.00022061 3.7620773097e-18 381.999628899 -5.48064559995e-17 408.000150776 -3.82198799607e-37 349.000410957 -2.31429752398e-24 2.00020469213
12.1070234114 914.999722429 6.65810650907e-66 773.999853661 -2.99166462802e-28 746.000121672 -8.57314737364e-57 706.999954693 -1.16073050039e-14 677.99973161 2.27288023038e-39 531.00022061 3.68404918937e-18 381.999628899 -5.36535838188e-17 408.000150776 -3.74296814791e-37 349.000410957 -2.26624031504e-24 2.00020469213
12.1739130435 914.999722429 6.51710491725e-66 773.999853661 -2.9288778263e-28 746.000121672 -8.39265011862e-57 706.999954693 -1.13636069161e-14 677.99973161 2.22474205433e-39 531.00022061 3.60602106903e-18 381.999628899 -5.25007116382e-17 408.000150776 -3.66394829975e-37 349.000410957 -2.2181831061e-24 2.00020469213
12.2408026756 914.999722429 6.37610332543e-66 773.999853661 -2.86609102458e-28 746.000121672 -8.21215286359e-57 706.999954693 -1.11199088284e-14 677.99973161 2.17660387828e-39 531.00022061 3.5279929487e-18 381.999628899 -5.13478394575e-17 408.000150776 -3.58492845159e-37 349.000410957 -2.17012589716e-24 2.00020469213
12.3076923077 914.999722429 6.23510173361e-66 773.999853661 -2.80330422286e-28 746.000121672 -8.03165560857e-57 706.999954693 -1.08762107407e-14 677.99973161 2.12846570222e-39 531.00022061 3.44996482837e-18 381.999628899 -5.01949672769e-17 408.000150776 -3.50590860343e-37 349.000410957 -2.12206868822e-24 2.00020469213
12.3745819398 914.999722429 6.09410014178e-66 773.999853661 -2.74051742115e-28 746.000121672 -7.85115835354e-57 706.999954693 -1.0632512653e-14 677.99973161 2.08032752617e-39 531.00022061 3.37193670804e-18 381.999628899 -4.90420950963e-17 408.000150776 -3.42688875527e-37 349.000410957 -2.07401147928e-24 2.00020469213
12.4414715719 914.999722429 5.95309854996e-66 773.999853661 -2.67773061943e-28 746.000121672 -7.67066109852e-57 706.999954693 -1.03888145653e-14 677.99973161 2.03218935011e-39 531.00022061 3.29390858771e-18 381.999628899 -4.78892229156e-17 408.000150776 -3.34786890711e-37 349.000410957 -2.02595427034e-24 2.00020469213
12.508361204 914.999722429 5.81209695814e-66 773.999853661 -2.61494381771e-28 746.000121672 -7.4901638435e-57 706.999954693 -1.01451164776e-14 677.99973161 1.98405117406e-39 531.00022061 3.21588046738e-18 381.999628899 -4.6736350735e-17 408.000150776 -3.26884905895e-37 349.000410957 -1.97789706141e-24 2.00020469213
12.5752508361 914.999722429 5.67109536632e-66 773.999853661 -2.55215701599e-28 746.000121672 -7.30966658847e-57 706.999954693 -9.90141838984e-15 677.99973161 1.935912998e-39 531.00022061 3.13785234704e-18 381.999628899 -4.55834785543e-17 408.000150776 -3.18982921079e-37 349.000410957 -1.92983985247e-24 2.00020469213
12.6421404682 914.999722429 5.5300937745e-66 773.999853661 -2.48937021428e-28 746.000121672 -7.12916933345e-57 706.999954693 -9.65772030213e-15 677.99973161 1.88777482195e-39 531.00022061 3.05982422671e-18 381.999628899 -4.44306063737e-17 408.000150776 -3.11080936263e-37 349.000410957 -1.88178264353e-24 2.00020469213
12.7090301003 914.999722429 5.38909218267e-66 773.999853661 -2.42658341256e-28 746.000121672 -6.94867207843e-57 706.999954693 -9.41402221441e-15 677.99973161 1.8396366459e-39 531.00022061 2.98179610638e-18 381.999628899 -4.32777341931e-17 408.000150776 -3.03178951447e-37 349.000410957 -1.83372543459e-24 2.00020469213
12.7759197324 914.999722429 5.24809059085e-66 773.999853661 -2.36379661084e-28 746.000121672 -6.7681748234e-57 706.999954693 -9.17032412669e-15 677.99973161 1.79149846984e-39 531.00022061 2.90376798605e-18 381.999628899 -4.21248620124e-17 408.000150776 -2.95276966631e-37 349.000410957 -1.78566822565e-24 2.00020469213
12.8428093645 914.999722429 5.10708899903e-66 773.999853661 -2.30100980912e-28 746.000121672 -6.58767756838e-57 706.999954693 -8.92662603898e-15 677.99973161 1.74336029379e-39 531.00022061 2.82573986572e-18 381.999628899 -4.09719898318e-17 408.000150776 -2.87374981815e-37 349.000410957 -1.73761101671e-24 2.00020469213
12.9096989967 914.999722429 4.96608740721e-66 773.999853661 -2.23822300741e-28 746.000121672 -6.40718031335e-57 706.999954693 -8.68292795126e-15 677.99973161 1.69522211773e-39 531.00022061 2.74771174538e-18 381.999628899 -3.98191176511e-17 408.000150776 -2.79472996999e-37 349.000410957 -1.68955380777e-24 2.00020469213
12.9765886288 914.999722429 4.82508581538e-66 773.999853661 -2.17543620569e-28 746.000121672 -6.22668305833e-57 706.999954693 -8.43922986355e-15 677.99973161 1.64708394168e-39 531.00022061 2.66968362505e-18 381.999628899 -3.86662454705e-17 408.000150776 -2.71571012183e-37 349.000410957 -1.64149659883e-24 2.00020469213
13.0434782609 914.999722429 4.68408422356e-66 773.999853661 -2.11264940397e-28 746.000121672 -6.04618580331e-57 706.999954693 -8.19553177583e-15 677.99973161 1.59894576563e-39 531.00022061 2.59165550472e-18 381.999628899 -3.75133732899e-17 408.000150776 -2.63669027367e-37 349.000410957 -1.59343938989e-24 2.00020469213
13.110367893 914.999722429 4.54308263174e-66 773.999853661 -2.04986260225e-28 746.000121672 -5.86568854828e-57 706.999954693 -7.95183368812e-15 677.99973161 1.55080758957e-39 531.00022061 2.51362738439e-18 381.999628899 -3.63605011092e-17 408.000150776 -2.55767042551e-37 349.000410957 -1.54538218095e-24 2.00020469213
13.1772575251 914.999722429 4.40208103992e-66 773.999853661 -1.98707580054e-28 746.000121672 -5.68519129326e-57 706.999954693 -7.7081356004e-15 677.99973161 1.50266941352e-39 531.00022061 2.43559926406e-18 381.999628899 -3.52076289286e-17 408.000150776 -2.47865057735e-37 349.000410957 -1.49732497201e-24 2.00020469213
13.2441471572 914.999722429 4.2610794481e-66 773.999853661 -1.92428899882e-28 746.000121672 -5.50469403824e-57 706.999954693 -7.46443751268e-15 677.99973161 1.45453123746e-39 531.00022061 2.35757114373e-18 381.999628899 -3.40547567479e-17 408.000150776 -2.39963072919e-37 349.000410957 -1.44926776307e-24 2.00020469213
13.3110367893 914.999722429 4.12007785627e-66 773.999853661 -1.8615021971e-28 746.000121672 -5.32419678321e-57 706.999954693 -7.22073942497e-15 677.99973161 1.40639306141e-39 531.00022061 2.27954302339e-18 381.999628899 -3.29018845673e-17 408.000150776 -2.32061088103e-37 349.000410957 -1.40121055413e-24 2.00020469213
13.3779264214 914.999722429 3.97907626445e-66 773.999853661 -1.79871539538e-28 746.000121672 -5.14369952819e-57 706.999954693 -6.97704133725e-15 677.99973161 1.35825488535e-39 531.00022061 2.20151490306e-18 381.999628899 -3.17490123867e-17 408.000150776 -2.24159103287e-37 349.000410957 -1.35315334519e-24 2.00020469213
13.4448160535 914.999722429 3.83807467263e-66 773.999853661 -1.73592859367e-28 746.000121672 -4.96320227317e-57 706.999954693 -6.73334324954e-15 677.99973161 1.3101167093e-39 531.00022061 2.12348678273e-18 381.999628899 -3.0596140206e-17 408.000150776 -2.16257118471e-37 349.000410957 -1.30509613625e-24 2.00020469213
13.5117056856 914.999722429 3.69707308081e-66 773.999853661 -1.67314179195e-28 746.000121672 -4.78270501814e-57 706.999954693 -6.48964516182e-15 677.99973161 1.26197853325e-39 531.00022061 2.0454586624e-18 381.999628899 -2.94432680254e-17 408.000150776 -2.08355133655e-37 349.000410957 -1.25703892732e-24 2.00020469213
13.5785953177 914.999722429 3.55607148898e-66 773.999853661 -1.61035499023e-28 746.000121672 -4.60220776312e-57 706.999954693 -6.24594707411e-15 677.99973161 1.21384035719e-39 531.00022061 1.96743054207e-18 381.999628899 -2.82903958447e-17 408.000150776 -2.00453148839e-37 349.000410957 -1.20898171838e-24 2.00020469213
13.6454849498 914.999722429 3.41506989716e-66 773.999853661 -1.54756818851e-28 746.000121672 -4.42171050809e-57 706.999954693 -6.00224898639e-15 677.99973161 1.16570218114e-39 531.00022061 1.88940242174e-18 381.999628899 -2.71375236641e-17 408.000150776 -1.92551164023e-37 349.000410957 -1.16092450944e-24 2.00020469213
13.7123745819 914.999722429 3.27406830534e-66 773.999853661 -1.4847813868e-28 746.000121672 -4.24121325307e-57 706.999954693 -5.75855089868e-15 677.99973161 1.11756400508e-39 531.00022061 1.8113743014e-18 381.999628899 -2.59846514835e-17 408.000150776 -1.84649179207e-37 349.000410957 -1.1128673005e-24 2.00020469213
13.779264214 914.999722429 3.13306671352e-66 773.999853661 -1.42199458508e-28 746.000121672 -4.06071599805e-57 706.999954693 -5.51485281096e-15 677.99973161 1.06942582903e-39 531.00022061 1.73334618107e-18 381.999628899 -2.48317793028e-17 408.000150776 -1.76747194391e-37 349.000410957 -1.06481009156e-24 2.00020469213
13.8461538462 914.999722429 2.9920651217e-66 773.999853661 -1.35920778336e-28 746.000121672 -3.88021874302e-57 706.999954693 -5.27115472324e-15 677.99973161 1.02128765297e-39 531.00022061 1.65531806074e-18 381.999628899 -2.36789071222e-17 408.000150776 -1.68845209575e-37 349.000410957 -1.01675288262e-24 2.00020469213
13.9130434783 914.999722429 2.85106352987e-66 773.999853661 -1.29642098164e-28 746.000121672 -3.699721488e-57 706.999954693 -5.02745663553e-15 677.99973161 9.7314947692e-40 531.00022061 1.57728994041e-18 381.999628899 -2.25260349415e-17 408.000150776 -1.60943224759e-37 349.000410957 -9.6869567368e-25 2.00020469213
13.9799331104 914.999722429 2.71006193805e-66 773.999853661 -1.23363417992e-28 746.000121672 -3.51922423298e-57 706.999954693 -4.78375854781e-15 677.99973161 9.25011300866e-40 531.00022061 1.49926182008e-18 381.999628899 -2.13731627609e-17 408.000150776 -1.53041239943e-37 349.000410957 -9.2063846474e-25 2.00020469213
14.0468227425 914.999722429 2.56906034623e-66 773.999853661 -1.17084737821e-28 746.000121672 -3.33872697795e-57 706.999954693 -4.5400604601e-15 677.99973161 8.76873124811e-40 531.00022061 1.42123369975e-18 381.999628899 -2.02202905803e-17 408.000150776 -1.45139255126e-37 349.000410957 -8.72581255801e-25 2.00020469213
14.1137123746 914.999722429 2.42805875441e-66 773.999853661 -1.10806057649e-28 746.000121672 -3.15822972293e-57 706.999954693 -4.29636237238e-15 677.99973161 8.28734948757e-40 531.00022061 1.34320557941e-18 381.999628899 -1.90674183996e-17 408.000150776 -1.3723727031e-37 349.000410957 -8.24524046862e-25 2.00020469213
14.1806020067 914.999722429 2.28705716258e-66 773.999853661 -1.04527377477e-28 746.000121672 -2.9777324679e-57 706.999954693 -4.05266428467e-15 677.99973161 7.80596772703e-40 531.00022061 1.26517745908e-18 381.999628899 -1.7914546219e-17 408.000150776 -1.29335285494e-37 349.000410957 -7.76466837922e-25 2.00020469213
14.2474916388 914.999722429 2.14605557076e-66 773.999853661 -9.82486973055e-29 746.000121672 -2.79723521288e-57 706.999954693 -3.80896619695e-15 677.99973161 7.32458596649e-40 531.00022061 1.18714933875e-18 381.999628899 -1.67616740383e-17 408.000150776 -1.21433300678e-37 349.000410957 -7.28409628983e-25 2.00020469213
14.3143812709 914.999722429 2.00505397894e-66 773.999853661 -9.19700171337e-29 746.000121672 -2.61673795786e-57 706.999954693 -3.56526810923e-15 677.99973161 6.84320420594e-40 531.00022061 1.10912121842e-18 381.999628899 -1.56088018577e-17 408.000150776 -1.13531315862e-37 349.000410957 -6.80352420044e-25 2.00020469213
14.381270903 914.999722429 1.86405238712e-66 773.999853661 -8.56913369619e-29 746.000121672 -2.43624070283e-57 706.999954693 -3.32157002152e-15 677.99973161 6.3618224454e-40 531.00022061 1.03109309809e-18 381.999628899 -1.44559296771e-17 408.000150776 -1.05629331046e-37 349.000410957 -6.32295211104e-25 2.00020469213
14.4481605351 914.999722429 1.7230507953e-66 773.999853661 -7.94126567902e-29 746.000121672 -2.25574344781e-57 706.999954693 -3.0778719338e-15 677.99973161 5.88044068486e-40 531.00022061 9.53064977754e-19 381.999628899 -1.33030574964e-17 408.000150776 -9.77273462304e-38 349.000410957 -5.84238002165e-25 2.00020469213
14.5150501672 914.999722429 1.58204920347e-66 773.999853661 -7.31339766184e-29 746.000121672 -2.07524619279e-57 706.999954693 -2.83417384609e-15 677.99973161 5.39905892432e-40 531.00022061 8.75036857423e-19 381.999628899 -1.21501853158e-17 408.000150776 -8.98253614143e-38 349.000410957 -5.36180793226e-25 2.00020469213
14.5819397993 914.999722429 1.44104761165e-66 773.999853661 -6.68552964467e-29 746.000121672 -1.89474893776e-57 706.999954693 -2.59047575837e-15 677.99973161 4.91767716377e-40 531.00022061 7.97008737091e-19 381.999628899 -1.09973131351e-17 408.000150776 -8.19233765983e-38 349.000410957 -4.88123584286e-25 2.00020469213
14.6488294314 914.999722429 1.30004601983e-66 773.999853661 -6.05766162749e-29 746.000121672 -1.71425168274e-57 706.999954693 -2.34677767066e-15 677.99973161 4.43629540323e-40 531.00022061 7.18980616759e-19 381.999628899 -9.84444095451e-18 408.000150776 -7.40213917823e-38 349.000410957 -4.40066375347e-25 2.00020469213
14.7157190635 914.999722429 1.15904442801e-66 773.999853661 -5.42979361032e-29 746.000121672 -1.53375442772e-57 706.999954693 -2.10307958294e-15 677.99973161 3.95491364269e-40 531.00022061 6.40952496427e-19 381.999628899 -8.69156877387e-18 408.000150776 -6.61194069663e-38 349.000410957 -3.92009166408e-25 2.00020469213
14.7826086957 914.999722429 1.01804283619e-66 773.999853661 -4.80192559314e-29 746.000121672 -1.35325717269e-57 706.999954693 -1.85938149523e-15 677.99973161 3.47353188215e-40 531.00022061 5.62924376096e-19 381.999628899 -7.53869659323e-18 408.000150776 -5.82174221503e-38 349.000410957 -3.43951957468e-25 2.00020469213
14.8494983278 914.999722429 8.77041244363e-67 773.999853661 -4.17405757597e-29 746.000121672 -1.17275991767e-57 706.999954693 -1.61568340751e-15 677.99973161 2.9921501216e-40 531.00022061 4.84896255764e-19 381.999628899 -6.38582441259e-18 408.000150776 -5.03154373342e-38 349.000410957 -2.95894748529e-25 2.00020469213
14.9163879599 914.999722429 7.36039652541e-67 773.999853661 -3.54618955879e-29 746.000121672 -9.92262662644e-58 706.999954693 -1.37198531979e-15 677.99973161 2.51076836106e-40 531.00022061 4.06868135432e-19 381.999628899 -5.23295223195e-18 408.000150776 -4.24134525182e-38 349.000410957 -2.4783753959e-25 2.00020469213
14.983277592 914.999722429 5.95038060719e-67 773.999853661 -2.91832154161e-29 746.000121672 -8.1176540762e-58 706.999954693 -1.12828723208e-15 677.99973161 2.02938660052e-40 531.00022061 3.288400151e-19 381.999628899 -4.08008005131e-18 408.000150776 -3.45114677022e-38 349.000410957 -1.9978033065e-25 2.00020469213
15.0501672241 914.999722429 4.54036468896e-67 773.999853661 -2.29045352444e-29 746.000121672 -6.31268152597e-58 706.999954693 -8.84589144363e-16 677.99973161 1.54800483998e-40 531.00022061 2.50811894769e-19 381.999628899 -2.92720787067e-18 408.000150776 -2.66094828862e-38 349.000410957 -1.51723121711e-25 2.00020469213
15.1170568562 914.999722429 3.13034877074e-67 773.999853661 -1.66258550726e-29 746.000121672 -4.50770897573e-58 706.999954693 -6.40891056647e-16 677.99973161 1.06662307943e-40 531.00022061 1.72783774437e-19 381.999628899 -1.77433569003e-18 408.000150776 -1.87074980702e-38 349.000410957 -1.03665912772e-25 2.00020469213
15.1839464883 914.999722429 1.72033285252e-67 773.999853661 -1.03471749009e-29 746.000121672 -2.70273642549e-58 706.999954693 -3.97192968932e-16 677.99973161 5.85241318892e-41 531.00022061 9.47556541051e-20 381.999628899 -6.21463509393e-19 408.000150776 -1.08055132541e-38 349.000410957 -5.56087038325e-26 2.00020469213
15.2508361204 914.999722429 3.10316934299e-68 773.999853661 -4.06849472911e-30 746.000121672 -8.97763875257e-59 706.999954693 -1.53494881216e-16 677.99973161 1.03859558349e-41 531.00022061 1.67275337734e-20 381.999628899 5.31408671247e-19 408.000150776 -2.90352843813e-39 349.000410957 -7.55149489319e-27 2.00020469213
15.3177257525 914.999722429 1.48690456334e-68 773.999853661 -3.33425238111e-30 746.000121672 -6.88154479743e-59 706.999954693 -1.25020142352e-16 677.99973161 4.86913107157e-42 531.00022061 7.78578536682e-21 381.999628899 6.59283311049e-19 408.000150776 -1.99143446558e-39 349.000410957 -2.05923391896e-27 2.00020469213
15.3846153846 914.999722429 1.47774634536e-68 773.999853661 -3.31376986797e-30 746.000121672 -6.83923190733e-59 706.999954693 -1.24252050549e-16 677.99973161 4.83914007318e-42 531.00022061 7.7378290785e-21 381.999628899 6.55205515142e-19 408.000150776 -1.97917984425e-39 349.000410957 -2.04654566183e-27 2.00020469213
15.4515050167 914.999722429 1.46858812737e-68 773.999853661 -3.29328735484e-30 746.000121672 -6.79691901722e-59 706.999954693 -1.23483958746e-16 677.99973161 4.8091490748e-42 531.00022061 7.68987279017e-21 381.999628899 6.51127719235e-19 408.000150776 -1.96692522292e-39 349.000410957 -2.03385740469e-27 2.00020469213
15.5183946488 914.999722429 1.45942990938e-68 773.999853661 -3.2728048417e-30 746.000121672 -6.75460612712e-59 706.999954693 -1.22715866943e-16 677.99973161 4.77915807641e-42 531.00022061 7.64191650184e-21 381.999628899 6.47049923328e-19 408.000150776 -1.95467060159e-39 349.000410957 -2.02116914756e-27 2.00020469213
15.5852842809 914.999722429 1.45027169139e-68 773.999853661 -3.25232232857e-30 746.000121672 -6.71229323701e-59 706.999954693 -1.2194777514e-16 677.99973161 4.74916707803e-42 531.00022061 7.59396021352e-21 381.999628899 6.42972127421e-19 408.000150776 -1.94241598026e-39 349.000410957 -2.00848089043e-27 2.00020469213
15.652173913 914.999722429 1.44111347341e-68 773.999853661 -3.23183981543e-30 746.000121672 -6.66998034691e-59 706.999954693 -1.21179683337e-16 677.99973161 4.71917607965e-42 531.00022061 7.54600392519e-21 381.999628899 6.38894331514e-19 408.000150776 -1.93016135893e-39 349.000410957 -1.9957926333e-27 2.00020469213
15.7190635452 914.999722429 1.43195525542e-68 773.999853661 -3.2113573023e-30 746.000121672 -6.6276674568e-59 706.999954693 -1.20411591534e-16 677.99973161 4.68918508126e-42 531.00022061 7.49804763687e-21 381.999628899 6.34816535606e-19 408.000150776 -1.91790673759e-39 349.000410957 -1.98310437616e-27 2.00020469213
15.7859531773 914.999722429 1.42279703743e-68 773.999853661 -3.19087478916e-30 746.000121672 -6.5853545667e-59 706.999954693 -1.19643499731e-16 677.99973161 4.65919408288e-42 531.00022061 7.45009134854e-21 381.999628899 6.30738739699e-19 408.000150776 -1.90565211626e-39 349.000410957 -1.97041611903e-27 2.00020469213
15.8528428094 914.999722429 1.41363881945e-68 773.999853661 -3.17039227603e-30 746.000121672 -6.54304167659e-59 706.999954693 -1.18875407928e-16 677.99973161 4.62920308449e-42 531.00022061 7.40213506021e-21 381.999628899 6.26660943792e-19 408.000150776 -1.89339749493e-39 349.000410957 -1.9577278619e-27 2.00020469213
15.9197324415 914.999722429 1.40448060146e-68 773.999853661 -3.14990976289e-30 746.000121672 -6.50072878649e-59 706.999954693 -1.18107316125e-16 677.99973161 4.59921208611e-42 531.00022061 7.35417877189e-21 381.999628899 6.22583147885e-19 408.000150776 -1.8811428736e-39 349.000410957 -1.94503960477e-27 2.00020469213
15.9866220736 914.999722429 1.39532238347e-68 773.999853661 -3.12942724976e-30 746.000121672 -6.45841589639e-59 706.999954693 -1.17339224322e-16 677.99973161 4.56922108773e-42 531.00022061 7.30622248356e-21 381.999628899 6.18505351978e-19 408.000150776 -1.86888825227e-39 349.000410957 -1.93235134763e-27 2.00020469213
16.0535117057 914.999722429 1.38616416548e-68 773.999853661 -3.10894473662e-30 746.000121672 -6.41610300628e-59 706.999954693 -1.16571132519e-16 677.99973161 4.53923008934e-42 531.00022061 7.25826619524e-21 381.999628899 6.14427556071e-19 408.000150776 -1.85663363094e-39 349.000410957 -1.9196630905e-27 2.00020469213
16.1204013378 914.999722429 1.3770059475e-68 773.999853661 -3.08846222348e-30 746.000121672 -6.37379011618e-59 706.999954693 -1.15803040716e-16 677.99973161 4.50923909096e-42 531.00022061 7.21030990691e-21 381.999628899 6.10349760163e-19 408.000150776 -1.84437900961e-39 349.000410957 -1.90697483337e-27 2.00020469213
16.1872909699 914.999722429 1.36784772951e-68 773.999853661 -3.06797971035e-30 746.000121672 -6.33147722607e-59 706.999954693 -1.15034948913e-16 677.99973161 4.47924809257e-42 531.00022061 7.16235361858e-21 381.999628899 6.06271964256e-19 408.000150776 -1.83212438828e-39 349.000410957 -1.89428657624e-27 2.00020469213
16.254180602 914.999722429 1.35868951152e-68 773.999853661 -3.04749719721e-30 746.000121672 -6.28916433597e-59 706.999954693 -1.1426685711e-16 677.99973161 4.44925709419e-42 531.00022061 7.11439733026e-21 381.999628899 6.02194168349e-19 408.000150776 -1.81986976695e-39 349.000410957 -1.88159831911e-27 2.00020469213
16.3210702341 914.999722429 1.34953129354e-68 773.999853661 -3.02701468408e-30 746.000121672 -6.24685144586e-59 706.999954693 -1.13498765307e-16 677.99973161 4.4192660958e-42 531.00022061 7.06644104193e-21 381.999628899 5.98116372442e-19 408.000150776 -1.80761514562e-39 349.000410957 -1.86891006197e-27 2.00020469213
16.3879598662 914.999722429 1.34037307555e-68 773.999853661 -3.00653217094e-30 746.000121672 -6.20453855576e-59 706.999954693 -1.12730673504e-16 677.99973161 4.38927509742e-42 531.00022061 7.01848475361e-21 381.999628899 5.94038576535e-19 408.000150776 -1.79536052428e-39 349.000410957 -1.85622180484e-27 2.00020469213
16.4548494983 914.999722429 1.33121485756e-68 773.999853661 -2.98604965781e-30 746.000121672 -6.16222566565e-59 706.999954693 -1.11962581701e-16 677.99973161 4.35928409904e-42 531.00022061 6.97052846528e-21 381.999628899 5.89960780628e-19 408.000150776 -1.78310590295e-39 349.000410957 -1.84353354771e-27 2.00020469213
16.5217391304 914.999722429 1.32205663957e-68 773.999853661 -2.96556714467e-30 746.000121672 -6.11991277555e-59 706.999954693 -1.11194489898e-16 677.99973161 4.32929310065e-42 531.00022061 6.92257217696e-21 381.999628899 5.8588298472e-19 408.000150776 -1.77085128162e-39 349.000410957 -1.83084529058e-27 2.00020469213
16.5886287625 914.999722429 1.31289842159e-68 773.999853661 -2.94508463154e-30 746.000121672 -6.07759988544e-59 706.999954693 -1.10426398095e-16 677.99973161 4.29930210227e-42 531.00022061 6.87461588863e-21 381.999628899 5.81805188813e-19 408.000150776 -1.75859666029e-39 349.000410957 -1.81815703344e-27 2.00020469213
16.6555183946 914.999722429 1.3037402036e-68 773.999853661 -2.9246021184e-30 746.000121672 -6.03528699534e-59 706.999954693 -1.09658306292e-16 677.99973161 4.26931110388e-42 531.00022061 6.8266596003e-21 381.999628899 5.77727392906e-19 408.000150776 -1.74634203896e-39 349.000410957 -1.80546877631e-27 2.00020469213
16.7224080268 914.999722429 1.29458198561e-68 773.999853661 -2.90411960527e-30 746.000121672 -5.99297410523e-59 706.999954693 -1.08890214489e-16 677.99973161 4.2393201055e-42 531.00022061 6.77870331198e-21 381.999628899 5.73649596999e-19 408.000150776 -1.73408741763e-39 349.000410957 -1.79278051918e-27 2.00020469213
16.7892976589 914.999722429 1.28542376762e-68 773.999853661 -2.88363709213e-30 746.000121672 -5.95066121513e-59 706.999954693 -1.08122122686e-16 677.99973161 4.20932910712e-42 531.00022061 6.73074702365e-21 381.999628899 5.69571801092e-19 408.000150776 -1.7218327963e-39 349.000410957 -1.78009226205e-27 2.00020469213
16.856187291 914.999722429 1.27626554964e-68 773.999853661 -2.863154579e-30 746.000121672 -5.90834832502e-59 706.999954693 -1.07354030883e-16 677.99973161 4.17933810873e-42 531.00022061 6.68279073533e-21 381.999628899 5.65494005185e-19 408.000150776 -1.70957817497e-39 349.000410957 -1.76740400491e-27 2.00020469213
16.9230769231 914.999722429 1.26710733165e-68 773.999853661 -2.84267206586e-30 746.000121672 -5.86603543492e-59 706.999954693 -1.0658593908e-16 677.99973161 4.14934711035e-42 531.00022061 6.634834447e-21 381.999628899 5.61416209277e-19 408.000150776 -1.69732355364e-39 349.000410957 -1.75471574778e-27 2.00020469213
16.9899665552 914.999722429 1.25794911366e-68 773.999853661 -2.82218955273e-30 746.000121672 -5.82372254482e-59 706.999954693 -1.05817847277e-16 677.99973161 4.11935611196e-42 531.00022061 6.58687815867e-21 381.999628899 5.5733841337e-19 408.000150776 -1.68506893231e-39 349.000410957 -1.74202749065e-27 2.00020469213
17.0568561873 914.999722429 1.24879089568e-68 773.999853661 -2.80170703959e-30 746.000121672 -5.78140965471e-59 706.999954693 -1.05049755474e-16 677.99973161 4.08936511358e-42 531.00022061 6.53892187035e-21 381.999628899 5.53260617463e-19 408.000150776 -1.67281431097e-39 349.000410957 -1.72933923352e-27 2.00020469213
17.1237458194 914.999722429 1.23963267769e-68 773.999853661 -2.78122452646e-30 746.000121672 -5.73909676461e-59 706.999954693 -1.04281663671e-16 677.99973161 4.0593741152e-42 531.00022061 6.49096558202e-21 381.999628899 5.49182821556e-19 408.000150776 -1.66055968964e-39 349.000410957 -1.71665097638e-27 2.00020469213
17.1906354515 914.999722429 1.2304744597e-68 773.999853661 -2.76074201332e-30 746.000121672 -5.6967838745e-59 706.999954693 -1.03513571868e-16 677.99973161 4.02938311681e-42 531.00022061 6.4430092937e-21 381.999628899 5.45105025649e-19 408.000150776 -1.64830506831e-39 349.000410957 -1.70396271925e-27 2.00020469213
17.2575250836 914.999722429 1.22131624171e-68 773.999853661 -2.74025950018e-30 746.000121672 -5.6544709844e-59 706.999954693 -1.02745480065e-16 677.99973161 3.99939211843e-42 531.00022061 6.39505300537e-21 381.999628899 5.41027229742e-19 408.000150776 -1.63605044698e-39 349.000410957 -1.69127446212e-27 2.00020469213
17.3244147157 914.999722429 1.21215802373e-68 773.999853661 -2.71977698705e-30 746.000121672 -5.61215809429e-59 706.999954693 -1.01977388262e-16 677.99973161 3.96940112004e-42 531.00022061 6.34709671704e-21 381.999628899 5.36949433834e-19 408.000150776 -1.62379582565e-39 349.000410957 -1.67858620499e-27 2.00020469213
17.3913043478 914.999722429 1.20299980574e-68 773.999853661 -2.69929447391e-30 746.000121672 -5.56984520419e-59 706.999954693 -1.01209296459e-16 677.99973161 3.93941012166e-42 531.00022061 6.29914042872e-21 381.999628899 5.32871637927e-19 408.000150776 -1.61154120432e-39 349.000410957 -1.66589794785e-27 2.00020469213
17.4581939799 914.999722429 1.19384158775e-68 773.999853661 -2.67881196078e-30 746.000121672 -5.52753231408e-59 706.999954693 -1.00441204656e-16 677.99973161 3.90941912327e-42 531.00022061 6.25118414039e-21 381.999628899 5.2879384202e-19 408.000150776 -1.59928658299e-39 349.000410957 -1.65320969072e-27 2.00020469213
17.525083612 914.999722429 1.18468336977e-68 773.999853661 -2.65832944764e-30 746.000121672 -5.48521942398e-59 706.999954693 -9.96731128534e-17 677.99973161 3.87942812489e-42 531.00022061 6.20322785207e-21 381.999628899 5.24716046113e-19 408.000150776 -1.58703196166e-39 349.000410957 -1.64052143359e-27 2.00020469213
17.5919732441 914.999722429 1.17552515178e-68 773.999853661 -2.63784693451e-30 746.000121672 -5.44290653387e-59 706.999954693 -9.89050210504e-17 677.99973161 3.84943712651e-42 531.00022061 6.15527156374e-21 381.999628899 5.20638250206e-19 408.000150776 -1.57477734033e-39 349.000410957 -1.62783317646e-27 2.00020469213
17.6588628763 914.999722429 1.16636693379e-68 773.999853661 -2.61736442137e-30 746.000121672 -5.40059364377e-59 706.999954693 -9.81369292475e-17 677.99973161 3.81944612812e-42 531.00022061 6.10731527541e-21 381.999628899 5.16560454299e-19 408.000150776 -1.562522719e-39 349.000410957 -1.61514491933e-27 2.00020469213
17.7257525084 914.999722429 1.1572087158e-68 773.999853661 -2.59688190824e-30 746.000121672 -5.35828075366e-59 706.999954693 -9.73688374445e-17 677.99973161 3.78945512974e-42 531.00022061 6.05935898709e-21 381.999628899 5.12482658391e-19 408.000150776 -1.55026809766e-39 349.000410957 -1.60245666219e-27 2.00020469213
17.7926421405 914.999722429 1.14805049782e-68 773.999853661 -2.5763993951e-30 746.000121672 -5.31596786356e-59 706.999954693 -9.66007456415e-17 677.99973161 3.75946413135e-42 531.00022061 6.01140269876e-21 381.999628899 5.08404862484e-19 408.000150776 -1.53801347633e-39 349.000410957 -1.58976840506e-27 2.00020469213
17.8595317726 914.999722429 1.13889227983e-68 773.999853661 -2.55591688197e-30 746.000121672 -5.27365497345e-59 706.999954693 -9.58326538385e-17 677.99973161 3.72947313297e-42 531.00022061 5.96344641044e-21 381.999628899 5.04327066577e-19 408.000150776 -1.525758855e-39 349.000410957 -1.57708014793e-27 2.00020469213
17.9264214047 914.999722429 1.12973406184e-68 773.999853661 -2.53543436883e-30 746.000121672 -5.23134208335e-59 706.999954693 -9.50645620355e-17 677.99973161 3.69948213459e-42 531.00022061 5.91549012211e-21 381.999628899 5.0024927067e-19 408.000150776 -1.51350423367e-39 349.000410957 -1.5643918908e-27 2.00020469213
17.9933110368 914.999722429 1.12057584385e-68 773.999853661 -2.5149518557e-30 746.000121672 -5.18902919324e-59 706.999954693 -9.42964702325e-17 677.99973161 3.6694911362e-42 531.00022061 5.86753383378e-21 381.999628899 4.96171474763e-19 408.000150776 -1.50124961234e-39 349.000410957 -1.55170363366e-27 2.00020469213
18.0602006689 914.999722429 1.11141762587e-68 773.999853661 -2.49446934256e-30 746.000121672 -5.14671630314e-59 706.999954693 -9.35283784295e-17 677.99973161 3.63950013782e-42 531.00022061 5.81957754546e-21 381.999628899 4.92093678856e-19 408.000150776 -1.48899499101e-39 349.000410957 -1.53901537653e-27 2.00020469213
18.127090301 914.999722429 1.10225940788e-68 773.999853661 -2.47398682943e-30 746.000121672 -5.10440341304e-59 706.999954693 -9.27602866266e-17 677.99973161 3.60950913943e-42 531.00022061 5.77162125713e-21 381.999628899 4.88015882948e-19 408.000150776 -1.47674036968e-39 349.000410957 -1.5263271194e-27 2.00020469213
18.1939799331 914.999722429 1.09310118989e-68 773.999853661 -2.45350431629e-30 746.000121672 -5.06209052293e-59 706.999954693 -9.19921948236e-17 677.99973161 3.57951814105e-42 531.00022061 5.72366496881e-21 381.999628899 4.83938087041e-19 408.000150776 -1.46448574835e-39 349.000410957 -1.51363886227e-27 2.00020469213
18.2608695652 914.999722429 1.08394297191e-68 773.999853661 -2.43302180315e-30 746.000121672 -5.01977763283e-59 706.999954693 -9.12241030206e-17 677.99973161 3.54952714267e-42 531.00022061 5.67570868048e-21 381.999628899 4.79860291134e-19 408.000150776 -1.45223112702e-39 349.000410957 -1.50095060513e-27 2.00020469213
18.3277591973 914.999722429 1.07478475392e-68 773.999853661 -2.41253929002e-30 746.000121672 -4.97746474272e-59 706.999954693 -9.04560112176e-17 677.99973161 3.51953614428e-42 531.00022061 5.62775239216e-21 381.999628899 4.75782495227e-19 408.000150776 -1.43997650569e-39 349.000410957 -1.488262348e-27 2.00020469213
18.3946488294 914.999722429 1.06562653593e-68 773.999853661 -2.39205677688e-30 746.000121672 -4.93515185262e-59 706.999954693 -8.96879194146e-17 677.99973161 3.4895451459e-42 531.00022061 5.57979610383e-21 381.999628899 4.7170469932e-19 408.000150776 -1.42772188435e-39 349.000410957 -1.47557409087e-27 2.00020469213
18.4615384615 914.999722429 1.05646831794e-68 773.999853661 -2.37157426375e-30 746.000121672 -4.89283896251e-59 706.999954693 -8.89198276116e-17 677.99973161 3.45955414751e-42 531.00022061 5.5318398155e-21 381.999628899 4.67626903413e-19 408.000150776 -1.41546726302e-39 349.000410957 -1.46288583374e-27 2.00020469213
18.5284280936 914.999722429 1.04731009996e-68 773.999853661 -2.35109175061e-30 746.000121672 -4.85052607241e-59 706.999954693 -8.81517358086e-17 677.99973161 3.42956314913e-42 531.00022061 5.48388352718e-21 381.999628899 4.63549107505e-19 408.000150776 -1.40321264169e-39 349.000410957 -1.4501975766e-27 2.00020469213
18.5953177258 914.999722429 1.03815188197e-68 773.999853661 -2.33060923748e-30 746.000121672 -4.8082131823e-59 706.999954693 -8.73836440057e-17 677.99973161 3.39957215075e-42 531.00022061 5.43592723885e-21 381.999628899 4.59471311598e-19 408.000150776 -1.39095802036e-39 349.000410957 -1.43750931947e-27 2.00020469213
18.6622073579 914.999722429 1.02899366398e-68 773.999853661 -2.31012672434e-30 746.000121672 -4.7659002922e-59 706.999954693 -8.66155522027e-17 677.99973161 3.36958115236e-42 531.00022061 5.38797095053e-21 381.999628899 4.55393515691e-19 408.000150776 -1.37870339903e-39 349.000410957 -1.42482106234e-27 2.00020469213
18.72909699 914.999722429 1.019835446e-68 773.999853661 -2.28964421121e-30 746.000121672 -4.72358740209e-59 706.999954693 -8.58474603997e-17 677.99973161 3.33959015398e-42 531.00022061 5.3400146622e-21 381.999628899 4.51315719784e-19 408.000150776 -1.3664487777e-39 349.000410957 -1.41213280521e-27 2.00020469213
18.7959866221 914.999722429 1.01067722801e-68 773.999853661 -2.26916169807e-30 746.000121672 -4.68127451199e-59 706.999954693 -8.50793685967e-17 677.99973161 3.30959915559e-42 531.00022061 5.29205837387e-21 381.999628899 4.47237923877e-19 408.000150776 -1.35419415637e-39 349.000410957 -1.39944454808e-27 2.00020469213
18.8628762542 914.999722429 1.00151901002e-68 773.999853661 -2.24867918494e-30 746.000121672 -4.63896162188e-59 706.999954693 -8.43112767937e-17 677.99973161 3.27960815721e-42 531.00022061 5.24410208555e-21 381.999628899 4.4316012797e-19 408.000150776 -1.34193953504e-39 349.000410957 -1.38675629094e-27 2.00020469213
18.9297658863 914.999722429 9.92360792034e-69 773.999853661 -2.2281966718e-30 746.000121672 -4.59664873178e-59 706.999954693 -8.35431849907e-17 677.99973161 3.24961715882e-42 531.00022061 5.19614579722e-21 381.999628899 4.39082332062e-19 408.000150776 -1.32968491371e-39 349.000410957 -1.37406803381e-27 2.00020469213
18.9966555184 914.999722429 9.83202574047e-69 773.999853661 -2.20771415867e-30 746.000121672 -4.55433584167e-59 706.999954693 -8.27750931878e-17 677.99973161 3.21962616044e-42 531.00022061 5.1481895089e-21 381.999628899 4.35004536155e-19 408.000150776 -1.31743029238e-39 349.000410957 -1.36137977668e-27 2.00020469213
19.0635451505 914.999722429 9.7404435606e-69 773.999853661 -2.18723164553e-30 746.000121672 -4.51202295157e-59 706.999954693 -8.20070013848e-17 677.99973161 3.18963516206e-42 531.00022061 5.10023322057e-21 381.999628899 4.30926740248e-19 408.000150776 -1.30517567104e-39 349.000410957 -1.34869151955e-27 2.00020469213
19.1304347826 914.999722429 9.64886138072e-69 773.999853661 -2.1667491324e-30 746.000121672 -4.46971006147e-59 706.999954693 -8.12389095818e-17 677.99973161 3.15964416367e-42 531.00022061 5.05227693224e-21 381.999628899 4.26848944341e-19 408.000150776 -1.29292104971e-39 349.000410957 -1.33600326241e-27 2.00020469213
19.1973244147 914.999722429 9.55727920085e-69 773.999853661 -2.14626661926e-30 746.000121672 -4.42739717136e-59 706.999954693 -8.04708177788e-17 677.99973161 3.12965316529e-42 531.00022061 5.00432064392e-21 381.999628899 4.22771148434e-19 408.000150776 -1.28066642838e-39 349.000410957 -1.32331500528e-27 2.00020469213
19.2642140468 914.999722429 9.46569702098e-69 773.999853661 -2.12578410612e-30 746.000121672 -4.38508428126e-59 706.999954693 -7.97027259758e-17 677.99973161 3.0996621669e-42 531.00022061 4.95636435559e-21 381.999628899 4.18693352527e-19 408.000150776 -1.26841180705e-39 349.000410957 -1.31062674815e-27 2.00020469213
19.3311036789 914.999722429 9.37411484111e-69 773.999853661 -2.10530159299e-30 746.000121672 -4.34277139115e-59 706.999954693 -7.89346341728e-17 677.99973161 3.06967116852e-42 531.00022061 4.90840806727e-21 381.999628899 4.14615556619e-19 408.000150776 -1.25615718572e-39 349.000410957 -1.29793849102e-27 2.00020469213
19.397993311 914.999722429 9.28253266124e-69 773.999853661 -2.08481907985e-30 746.000121672 -4.30045850105e-59 706.999954693 -7.81665423698e-17 677.99973161 3.03968017014e-42 531.00022061 4.86045177894e-21 381.999628899 4.10537760712e-19 408.000150776 -1.24390256439e-39 349.000410957 -1.28525023388e-27 2.00020469213
19.4648829431 914.999722429 9.19095048136e-69 773.999853661 -2.06433656672e-30 746.000121672 -4.25814561094e-59 706.999954693 -7.73984505669e-17 677.99973161 3.00968917175e-42 531.00022061 4.81249549061e-21 381.999628899 4.06459964805e-19 408.000150776 -1.23164794306e-39 349.000410957 -1.27256197675e-27 2.00020469213
19.5317725753 914.999722429 9.09936830149e-69 773.999853661 -2.04385405358e-30 746.000121672 -4.21583272084e-59 706.999954693 -7.66303587639e-17 677.99973161 2.97969817337e-42 531.00022061 4.76453920229e-21 381.999628899 4.02382168898e-19 408.000150776 -1.21939332173e-39 349.000410957 -1.25987371962e-27 2.00020469213
19.5986622074 914.999722429 9.00778612162e-69 773.999853661 -2.02337154045e-30 746.000121672 -4.17351983073e-59 706.999954693 -7.58622669609e-17 677.99973161 2.94970717498e-42 531.00022061 4.71658291396e-21 381.999628899 3.98304372991e-19 408.000150776 -1.2071387004e-39 349.000410957 -1.24718546249e-27 2.00020469213
19.6655518395 914.999722429 8.91620394175e-69 773.999853661 -2.00288902731e-30 746.000121672 -4.13120694063e-59 706.999954693 -7.50941751579e-17 677.99973161 2.9197161766e-42 531.00022061 4.66862662564e-21 381.999628899 3.94226577084e-19 408.000150776 -1.19488407907e-39 349.000410957 -1.23449720535e-27 2.00020469213
19.7324414716 914.999722429 8.82462176187e-69 773.999853661 -1.98240651418e-30 746.000121672 -4.08889405052e-59 706.999954693 -7.43260833549e-17 677.99973161 2.88972517822e-42 531.00022061 4.62067033731e-21 381.999628899 3.90148781176e-19 408.000150776 -1.18262945773e-39 349.000410957 -1.22180894822e-27 2.00020469213
19.7993311037 914.999722429 8.733039582e-69 773.999853661 -1.96192400104e-30 746.000121672 -4.04658116042e-59 706.999954693 -7.35579915519e-17 677.99973161 2.85973417983e-42 531.00022061 4.57271404898e-21 381.999628899 3.86070985269e-19 408.000150776 -1.1703748364e-39 349.000410957 -1.20912069109e-27 2.00020469213
19.8662207358 914.999722429 8.64145740213e-69 773.999853661 -1.94144148791e-30 746.000121672 -4.00426827031e-59 706.999954693 -7.27898997489e-17 677.99973161 2.82974318145e-42 531.00022061 4.52475776066e-21 381.999628899 3.81993189362e-19 408.000150776 -1.15812021507e-39 349.000410957 -1.19643243396e-27 2.00020469213
19.9331103679 914.999722429 8.54987522226e-69 773.999853661 -1.92095897477e-30 746.000121672 -3.96195538021e-59 706.999954693 -7.2021807946e-17 677.99973161 2.79975218306e-42 531.00022061 4.47680147233e-21 381.999628899 3.77915393455e-19 408.000150776 -1.14586559374e-39 349.000410957 -1.18374417683e-27 2.00020469213
20.0 914.999722429 8.45829304239e-69 773.999853661 -1.90047646164e-30 746.000121672 -3.9196424901e-59 706.999954693 -7.1253716143e-17 677.99973161 2.76976118468e-42 531.00022061 4.42884518401e-21 381.999628899 3.73837597548e-19 408.000150776 -1.13361097241e-39 349.000410957 -1.17105591969e-27 2.00020469213
