0.0 89.0 0.001 74.0 0.001 71.0
0.0400801603206 89.0000000466 0.000548158099638 74.0000000246 0.000886707208773 70.9999999287
0.0801603206413 89.0000000606 0.000300469855154 74.0000000666 0.000786249631338 70.9999998727
0.120240480962 89.0000000648 0.000164716269091 74.0000001065 0.000697173180764 70.9999998287
0.160320641283 89.0000000661 9.02901746351e-05 74.0000001398 0.000618188456292 70.9999997941
0.200400801603 89.0000000665 4.94925100352e-05 74.0000001667 0.00054815213162 70.9999997668
0.240480961924 89.0000000666 2.71300390762e-05 74.000000188 0.000486050420409 70.9999997454
0.280561122244 89.0000000666 1.48717769364e-05 74.0000002048 0.00043098438821 70.9999997286
0.320641282565 89.0000000666 8.1518831028e-06 74.000000218 0.000382156942692 70.9999997153
0.360721442886 89.0000000667 4.4684560576e-06 74.0000002284 0.000338861296598 70.9999997049
0.400801603206 89.0000000667 2.44870460448e-06 74.0000002366 0.000300470712178 70.9999996968
0.440881763527 89.0000000667 1.34207135336e-06 74.000000243 0.000266429494434 70.9999996903
0.480961923848 89.0000000667 7.36026243842e-07 74.0000002481 0.000236244891799 70.9999996853
0.521042084168 89.0000000667 4.04204926095e-07 74.0000002521 0.000209480602228 70.9999996813
0.561122244489 89.0000000667 2.22332933588e-07 74.0000002552 0.000185748850809 70.9999996782
0.60120240481 89.0000000667 1.21087974015e-07 74.0000002576 0.000164705630256 70.9999996757
0.64128256513 89.0000000667 6.59174786821e-08 74.0000002596 0.000146046475527 70.9999996738
0.681362725451 89.0000000667 3.59587510837e-08 74.0000002611 0.000129501348234 70.9999996723
0.721442885772 89.0000000667 1.94554024474e-08 74.0000002623 0.000114830554404 70.9999996711
0.761523046092 89.0000000667 1.05292848818e-08 74.0000002632 0.000101821782335 70.9999996701
0.801603206413 89.0000000667 5.63000036796e-09 74.000000264 9.028616554e-05 70.9999996694
0.841683366733 89.0000000667 2.60721459492e-09 74.0000002645 8.00561356027e-05 70.9999996688
0.881763527054 89.0000000667 9.40786335279e-10 74.000000265 7.09849770637e-05 70.9999996683
0.921843687375 89.0000000667 8.46659397165e-10 74.0000002654 6.29410337261e-05 70.999999668
0.961923847695 89.0000000667 2.58238035788e-09 74.0000002656 5.58103828676e-05 70.9999996677
1.00200400802 89.0000000667 4.33987609651e-09 74.0000002659 4.94874953415e-05 70.9999996675
1.04208416834 89.0000000667 4.82674682782e-09 74.000000266 4.3880763032e-05 70.9999996673
1.08216432866 89.0000000667 2.44257442422e-09 74.0000002662 3.89069548117e-05 70.9999996672
1.12224448898 89.0000000667 -6.68872605689e-10 74.0000002663 3.45006970637e-05 70.9999996671
1.1623246493 89.0000000667 -2.65858334653e-09 74.0000002664 3.05920339984e-05 70.999999667
1.20240480962 89.0000000667 -1.46289213067e-09 74.0000002664 2.71263649914e-05 70.9999996669
1.24248496994 89.0000000667 -5.13269274791e-10 74.0000002665 2.40533048579e-05 70.9999996669
1.28256513026 89.0000000667 -4.70583087725e-10 74.0000002665 2.13283273626e-05 70.9999996668
1.32264529058 89.0000000667 -2.94219683857e-10 74.0000002666 1.89098359453e-05 70.9999996668
1.3627254509 89.0000000667 -1.16269398685e-10 74.0000002666 1.67653498843e-05 70.9999996668
1.40280561122 89.0000000667 -5.46014103681e-11 74.0000002666 1.48641163983e-05 70.9999996667
1.44288577154 89.0000000667 -5.31230053214e-11 74.0000002666 1.3183020651e-05 70.9999996667
1.48296593186 89.0000000667 -4.97359565374e-11 74.0000002666 1.16935111585e-05 70.9999996667
1.52304609218 89.0000000667 -9.02805022108e-14 74.0000002666 1.03693760488e-05 70.9999996667
1.56312625251 89.0000000667 7.87339352134e-11 74.0000002667 9.19528176235e-06 70.9999996667
1.60320641283 89.0000000667 1.7166635059e-10 74.0000002667 8.1533597746e-06 70.9999996667
1.64328657315 89.0000000667 2.1587186373e-10 74.0000002667 7.22997429283e-06 70.9999996667
1.68336673347 89.0000000667 1.8593633444e-10 74.0000002667 6.41100347548e-06 70.9999996667
1.72344689379 89.0000000667 9.67288473513e-11 74.0000002667 5.68519327336e-06 70.9999996667
1.76352705411 89.0000000667 -4.20774606016e-11 74.0000002667 5.04148014894e-06 70.9999996667
1.80360721443 89.0000000667 -1.98464123039e-10 74.0000002667 4.47173928823e-06 70.9999996667
1.84368737475 89.0000000667 -3.53394128106e-10 74.0000002667 3.96616135249e-06 70.9999996667
1.88376753507 89.0000000667 -4.82523297349e-10 74.0000002667 3.51663020363e-06 70.9999996667
1.92384769539 89.0000000667 -5.49378366082e-10 74.0000002667 3.11862872499e-06 70.9999996667
1.96392785571 89.0000000667 -5.24635077648e-10 74.0000002667 2.76551849971e-06 70.9999996667
2.00400801603 89.0000000667 -3.94823000105e-10 74.0000002667 2.45179746528e-06 70.9999996667
2.04408817635 89.0000000667 -1.74256310431e-10 74.0000002667 2.17415275047e-06 70.9999996667
2.08416833667 89.0000000667 1.39886043858e-10 74.0000002667 1.92792137346e-06 70.9999996667
2.12424849699 89.0000000667 5.1826635432e-10 74.0000002667 1.70928343164e-06 70.9999996667
2.16432865731 89.0000000667 8.8002792319e-10 74.0000002667 1.51581395202e-06 70.9999996667
2.20440881764 89.0000000667 1.17759026217e-09 74.0000002667 1.34418697402e-06 70.9999996667
2.24448897796 89.0000000667 1.36411478492e-09 74.0000002667 1.19187896231e-06 70.9999996667
2.28456913828 89.0000000667 1.39277218019e-09 74.0000002667 1.0573479492e-06 70.9999996667
2.3246492986 89.0000000667 1.21672485772e-09 74.0000002667 9.38175813251e-07 70.9999996667
2.36472945892 89.0000000667 7.89135116405e-10 74.0000002667 8.31932699723e-07 70.9999996667
2.40480961924 89.0000000667 6.34082191055e-11 74.0000002667 7.37125701589e-07 70.9999996667
2.44488977956 89.0000000667 -1.0067777549e-09 74.0000002667 6.53313980201e-07 70.9999996667
2.48496993988 89.0000000667 -2.46799439073e-09 74.0000002667 5.79093910135e-07 70.9999996667
2.5250501002 89.0000000667 -4.36681601429e-09 74.0000002667 5.13051296739e-07 70.9999996667
2.56513026052 89.0000000667 -5.03165452439e-09 74.0000002667 4.54383893073e-07 70.9999996667
2.60521042084 89.0000000667 -2.32070691221e-09 74.0000002667 4.02970341016e-07 70.9999996667
2.64529058116 89.0000000667 -8.61419028761e-10 74.0000002667 3.57323966387e-07 70.9999996667
2.68537074148 89.0000000667 -8.02401569776e-10 74.0000002667 3.16842275341e-07 70.9999996667
2.7254509018 89.0000000667 -5.28149458291e-10 74.0000002667 2.80911073556e-07 70.9999996667
2.76553106212 89.0000000667 -2.36672588794e-10 74.0000002667 2.49055171081e-07 70.9999996667
2.80561122244 89.0000000667 -1.14554596664e-10 74.0000002667 2.20812141985e-07 70.9999996667
2.84569138277 89.0000000667 -6.93865118969e-11 74.0000002667 1.95771626615e-07 70.9999996667
2.88577154309 89.0000000667 -4.18969675439e-11 74.0000002667 1.73570538641e-07 70.9999996667
2.92585170341 89.0000000667 -2.32034114037e-11 74.0000002667 1.53884036406e-07 70.9999996667
2.96593186373 89.0000000667 -1.28044268725e-11 74.0000002667 1.36317533474e-07 70.9999996667
3.00601202405 89.0000000667 -1.0212317096e-11 74.0000002667 1.20723622151e-07 70.9999996667
3.04609218437 89.0000000667 -1.48040426373e-11 74.0000002667 1.07024206995e-07 70.9999996667
3.08617234469 89.0000000667 -2.32926711695e-11 74.0000002667 9.48072845136e-08 70.9999996667
3.12625250501 89.0000000667 -3.51992875901e-11 74.0000002667 8.40128246601e-08 70.9999996667
3.16633266533 89.0000000667 -4.82746848893e-11 74.0000002667 7.44853208466e-08 70.9999996667
3.20641282565 89.0000000667 -5.90557389423e-11 74.0000002667 6.59853381905e-08 70.9999996667
3.24649298597 89.0000000667 -6.7612804337e-11 74.0000002667 5.85010941126e-08 70.9999996667
3.28657314629 89.0000000667 -7.66017823597e-11 74.0000002667 5.18096744146e-08 70.9999996667
3.32665330661 89.0000000667 -8.71618866105e-11 74.0000002667 4.58154630103e-08 70.9999996667
3.36673346693 89.0000000667 -9.92931170895e-11 74.0000002667 4.05184598997e-08 70.9999996667
3.40681362725 89.0000000667 -1.12995473797e-10 74.0000002667 3.59186650827e-08 70.9999996667
3.44689378758 89.0000000667 -1.29688711338e-10 74.0000002667 3.19815529123e-08 70.9999996667
3.4869739479 89.0000000667 -1.59677704782e-10 74.0000002667 2.845652904e-08 70.9999996667
3.52705410822 89.0000000667 -2.05016602333e-10 74.0000002667 2.52936406107e-08 70.9999996667
3.56713426854 89.0000000667 -2.65705403992e-10 74.0000002667 2.24928876244e-08 70.9999996667
3.60721442886 89.0000000667 -3.41744109758e-10 74.0000002667 2.00542700812e-08 70.9999996667
3.64729458918 89.0000000667 -4.48522766692e-10 74.0000002667 1.79379117469e-08 70.9999996667
3.6873747495 89.0000000667 -6.35166123203e-10 74.0000002667 1.60165284124e-08 70.9999996667
3.72745490982 89.0000000667 -9.05344775644e-10 74.0000002667 1.42806094141e-08 70.9999996667
3.76753507014 89.0000000667 -1.25905872401e-09 74.0000002667 1.27301547519e-08 70.9999996667
3.80761523046 89.0000000667 -1.69630796831e-09 74.0000002667 1.1365164426e-08 70.9999996667
3.84769539078 89.0000000667 -1.73611436329e-09 74.0000002667 9.97311413369e-09 70.9999996667
3.8877755511 89.0000000667 -1.68198402313e-09 74.0000002667 8.68811064449e-09 70.9999996667
3.92785571142 89.0000000667 -1.58661334852e-09 74.0000002667 7.53343831322e-09 70.9999996667
3.96793587174 89.0000000667 -1.45000233945e-09 74.0000002667 6.50909713989e-09 70.9999996667
4.00801603206 89.0000000667 -1.27215099592e-09 74.0000002667 5.6150871245e-09 70.9999996667
4.04809619238 89.0000000667 -1.05305931794e-09 74.0000002667 4.85140826704e-09 70.9999996667
4.08817635271 89.0000000667 -7.92727305499e-10 74.0000002667 4.21806056751e-09 70.9999996667
4.12825651303 89.0000000667 -5.15339464927e-10 74.0000002667 3.68950378568e-09 70.9999996667
4.16833667335 89.0000000667 -4.1206439115e-10 74.0000002667 3.06385280644e-09 70.9999996667
4.20841683367 89.0000000667 -3.20749837842e-10 74.0000002667 2.51234979919e-09 70.9999996667
4.24849699399 89.0000000667 -2.41395805003e-10 74.0000002667 2.0349947639e-09 70.9999996667
4.28857715431 89.0000000667 -1.74002292634e-10 74.0000002667 1.63178770058e-09 70.9999996667
4.32865731463 89.0000000667 -1.18569300735e-10 74.0000002667 1.30272860924e-09 70.9999996667
4.36873747495 89.0000000667 -7.50968293053e-11 74.0000002667 1.04781748987e-09 70.9999996667
4.40881763527 89.0000000667 -4.35848783452e-11 74.0000002667 8.67054342468e-10 70.9999996667
4.44889779559 89.0000000667 1.81865944179e-10 74.0000002667 -2.38259772131e-10 70.9999996667
4.48897795591 89.0000000667 1.61874562284e-10 74.0000002667 -2.2313269519e-10 70.9999996667
4.52905811623 89.0000000667 1.4188318039e-10 74.0000002667 -2.0800561825e-10 70.9999996667
4.56913827655 89.0000000667 1.21891798496e-10 74.0000002667 -1.92878541309e-10 70.9999996667
4.60921843687 89.0000000667 1.01900416602e-10 74.0000002667 -1.77751464368e-10 70.9999996667
4.64929859719 89.0000000667 8.19090347073e-11 74.0000002667 -1.62624387428e-10 70.9999996667
4.68937875752 89.0000000667 6.1917652813e-11 74.0000002667 -1.47497310487e-10 70.9999996667
4.72945891784 89.0000000667 4.19262709188e-11 74.0000002667 -1.32370233546e-10 70.9999996667
4.76953907816 89.0000000667 3.23241353395e-11 74.0000002667 -1.23162574901e-10 70.9999996667
4.80961923848 89.0000000667 3.06845492153e-11 74.0000002667 -1.18491690097e-10 70.9999996667
4.8496993988 89.0000000667 2.9044963091e-11 74.0000002667 -1.13820805294e-10 70.9999996667
4.88977955912 89.0000000667 2.74053769667e-11 74.0000002667 -1.09149920491e-10 70.9999996667
4.92985971944 89.0000000667 2.57657908424e-11 74.0000002667 -1.04479035687e-10 70.9999996667
4.96993987976 89.0000000667 2.41262047182e-11 74.0000002667 -9.98081508837e-11 70.9999996667
5.01002004008 89.0000000667 2.24866185939e-11 74.0000002667 -9.51372660802e-11 70.9999996667
5.0501002004 89.0000000667 2.08470324696e-11 74.0000002667 -9.04663812768e-11 70.9999996667
5.09018036072 89.0000000667 1.92074463453e-11 74.0000002667 -8.57954964733e-11 70.9999996667
5.13026052104 89.0000000667 1.75678602211e-11 74.0000002667 -8.11246116699e-11 70.9999996667
5.17034068136 89.0000000667 1.59282740968e-11 74.0000002667 -7.64537268664e-11 70.9999996667
5.21042084168 89.0000000667 1.42886879725e-11 74.0000002667 -7.1782842063e-11 70.9999996667
5.250501002 89.0000000667 1.26491018482e-11 74.0000002667 -6.71119572595e-11 70.9999996667
5.29058116232 89.0000000667 1.1009515724e-11 74.0000002667 -6.24410724561e-11 70.9999996667
5.33066132265 89.0000000667 9.36992959968e-12 74.0000002667 -5.77701876526e-11 70.9999996667
5.37074148297 89.0000000667 7.7303434754e-12 74.0000002667 -5.30993028491e-11 70.9999996667
5.41082164329 89.0000000667 6.09075735112e-12 74.0000002667 -4.84284180457e-11 70.9999996667
5.45090180361 89.0000000667 4.45117122685e-12 74.0000002667 -4.37575332422e-11 70.9999996667
5.49098196393 89.0000000667 2.81158510257e-12 74.0000002667 -3.90866484388e-11 70.9999996667
5.53106212425 89.0000000667 2.59963037993e-12 74.0000002667 -3.74781768493e-11 70.9999996667
5.57114228457 89.0000000667 2.46516032329e-12 74.0000002667 -3.60359176763e-11 70.9999996667
5.61122244489 89.0000000667 2.33069026664e-12 74.0000002667 -3.45936585032e-11 70.9999996667
5.65130260521 89.0000000667 2.19622020999e-12 74.0000002667 -3.31513993302e-11 70.9999996667
5.69138276553 89.0000000667 2.06175015335e-12 74.0000002667 -3.17091401571e-11 70.9999996667
5.73146292585 89.0000000667 1.9272800967e-12 74.0000002667 -3.02668809841e-11 70.9999996667
5.77154308617 89.0000000667 1.79281004005e-12 74.0000002667 -2.8824621811e-11 70.9999996667
5.81162324649 89.0000000667 1.6583399834e-12 74.0000002667 -2.7382362638e-11 70.9999996667
5.85170340681 89.0000000667 1.52386992676e-12 74.0000002667 -2.59401034649e-11 70.9999996667
5.89178356713 89.0000000667 1.38939987011e-12 74.0000002667 -2.44978442919e-11 70.9999996667
5.93186372745 89.0000000667 1.25492981346e-12 74.0000002667 -2.30555851188e-11 70.9999996667
5.97194388778 89.0000000667 1.12045975682e-12 74.0000002667 -2.16133259458e-11 70.9999996667
6.0120240481 89.0000000667 9.8598970017e-13 74.0000002667 -2.01710667727e-11 70.9999996667
6.05210420842 89.0000000667 8.51519643523e-13 74.0000002667 -1.87288075997e-11 70.9999996667
6.09218436874 89.0000000667 7.17049586876e-13 74.0000002667 -1.72865484266e-11 70.9999996667
6.13226452906 89.0000000667 5.82579530229e-13 74.0000002667 -1.58442892536e-11 70.9999996667
6.17234468938 89.0000000667 4.48109473582e-13 74.0000002667 -1.44020300805e-11 70.9999996667
6.2124248497 89.0000000667 3.13639416935e-13 74.0000002667 -1.29597709075e-11 70.9999996667
6.25250501002 89.0000000667 2.23274447155e-13 74.0000002667 -1.19743786517e-11 70.9999996667
6.29258517034 89.0000000667 2.22083703796e-13 74.0000002667 -1.19127064657e-11 70.9999996667
6.33266533066 89.0000000667 2.20892960437e-13 74.0000002667 -1.18510342798e-11 70.9999996667
6.37274549098 89.0000000667 2.19702217077e-13 74.0000002667 -1.17893620939e-11 70.9999996667
6.4128256513 89.0000000667 2.18511473718e-13 74.0000002667 -1.1727689908e-11 70.9999996667
6.45290581162 89.0000000667 2.17320730359e-13 74.0000002667 -1.16660177221e-11 70.9999996667
6.49298597194 89.0000000667 2.16129986999e-13 74.0000002667 -1.16043455362e-11 70.9999996667
6.53306613226 89.0000000667 2.1493924364e-13 74.0000002667 -1.15426733503e-11 70.9999996667
6.57314629259 89.0000000667 2.1374850028e-13 74.0000002667 -1.14810011644e-11 70.9999996667
6.61322645291 89.0000000667 2.12557756921e-13 74.0000002667 -1.14193289784e-11 70.9999996667
6.65330661323 89.0000000667 2.11367013562e-13 74.0000002667 -1.13576567925e-11 70.9999996667
6.69338677355 89.0000000667 2.10176270202e-13 74.0000002667 -1.12959846066e-11 70.9999996667
6.73346693387 89.0000000667 2.08985526843e-13 74.0000002667 -1.12343124207e-11 70.9999996667
6.77354709419 89.0000000667 2.07794783484e-13 74.0000002667 -1.11726402348e-11 70.9999996667
6.81362725451 89.0000000667 2.06604040124e-13 74.0000002667 -1.11109680489e-11 70.9999996667
6.85370741483 89.0000000667 2.05413296765e-13 74.0000002667 -1.1049295863e-11 70.9999996667
6.89378757515 89.0000000667 2.04222553406e-13 74.0000002667 -1.09876236771e-11 70.9999996667
6.93386773547 89.0000000667 2.03031810046e-13 74.0000002667 -1.09259514911e-11 70.9999996667
6.97394789579 89.0000000667 2.01841066687e-13 74.0000002667 -1.08642793052e-11 70.9999996667
7.01402805611 89.0000000667 2.00650323328e-13 74.0000002667 -1.08026071193e-11 70.9999996667
7.05410821643 89.0000000667 1.99459579968e-13 74.0000002667 -1.07409349334e-11 70.9999996667
7.09418837675 89.0000000667 1.98268836609e-13 74.0000002667 -1.06792627475e-11 70.9999996667
7.13426853707 89.0000000667 1.9707809325e-13 74.0000002667 -1.06175905616e-11 70.9999996667
7.17434869739 89.0000000667 1.9588734989e-13 74.0000002667 -1.05559183757e-11 70.9999996667
7.21442885772 89.0000000667 1.94696606531e-13 74.0000002667 -1.04942461898e-11 70.9999996667
7.25450901804 89.0000000667 1.93505863172e-13 74.0000002667 -1.04325740038e-11 70.9999996667
7.29458917836 89.0000000667 1.92315119812e-13 74.0000002667 -1.03709018179e-11 70.9999996667
7.33466933868 89.0000000667 1.91124376453e-13 74.0000002667 -1.0309229632e-11 70.9999996667
7.374749499 89.0000000667 1.89933633093e-13 74.0000002667 -1.02475574461e-11 70.9999996667
7.41482965932 89.0000000667 1.88742889734e-13 74.0000002667 -1.01858852602e-11 70.9999996667
7.45490981964 89.0000000667 1.87552146375e-13 74.0000002667 -1.01242130743e-11 70.9999996667
7.49498997996 89.0000000667 1.86361403015e-13 74.0000002667 -1.00625408884e-11 70.9999996667
7.53507014028 89.0000000667 1.85170659656e-13 74.0000002667 -1.00008687025e-11 70.9999996667
7.5751503006 89.0000000667 1.83979916297e-13 74.0000002667 -9.93919651655e-12 70.9999996667
7.61523046092 89.0000000667 1.82789172937e-13 74.0000002667 -9.87752433064e-12 70.9999996667
7.65531062124 89.0000000667 1.81598429578e-13 74.0000002667 -9.81585214472e-12 70.9999996667
7.69539078156 89.0000000667 1.80407686219e-13 74.0000002667 -9.75417995881e-12 70.9999996667
7.73547094188 89.0000000667 1.79216942859e-13 74.0000002667 -9.6925077729e-12 70.9999996667
7.7755511022 89.0000000667 1.780261995e-13 74.0000002667 -9.63083558699e-12 70.9999996667
7.81563126253 89.0000000667 1.76835456141e-13 74.0000002667 -9.56916340108e-12 70.9999996667
7.85571142285 89.0000000667 1.75644712781e-13 74.0000002667 -9.50749121516e-12 70.9999996667
7.89579158317 89.0000000667 1.74453969422e-13 74.0000002667 -9.44581902925e-12 70.9999996667
7.93587174349 89.0000000667 1.73263226063e-13 74.0000002667 -9.38414684334e-12 70.9999996667
7.97595190381 89.0000000667 1.72072482703e-13 74.0000002667 -9.32247465743e-12 70.9999996667
8.01603206413 89.0000000667 1.70881739344e-13 74.0000002667 -9.26080247151e-12 70.9999996667
8.05611222445 89.0000000667 1.69690995985e-13 74.0000002667 -9.1991302856e-12 70.9999996667
8.09619238477 89.0000000667 1.68500252625e-13 74.0000002667 -9.13745809969e-12 70.9999996667
8.13627254509 89.0000000667 1.67309509266e-13 74.0000002667 -9.07578591378e-12 70.9999996667
8.17635270541 89.0000000667 1.66118765906e-13 74.0000002667 -9.01411372786e-12 70.9999996667
8.21643286573 89.0000000667 1.64928022547e-13 74.0000002667 -8.95244154195e-12 70.9999996667
8.25651302605 89.0000000667 1.63737279188e-13 74.0000002667 -8.89076935604e-12 70.9999996667
8.29659318637 89.0000000667 1.62546535828e-13 74.0000002667 -8.82909717013e-12 70.9999996667
8.33667334669 89.0000000667 1.61355792469e-13 74.0000002667 -8.76742498421e-12 70.9999996667
8.37675350701 89.0000000667 1.6016504911e-13 74.0000002667 -8.7057527983e-12 70.9999996667
8.41683366733 89.0000000667 1.5897430575e-13 74.0000002667 -8.64408061239e-12 70.9999996667
8.45691382766 89.0000000667 1.57783562391e-13 74.0000002667 -8.58240842648e-12 70.9999996667
8.49699398798 89.0000000667 1.56592819032e-13 74.0000002667 -8.52073624057e-12 70.9999996667
8.5370741483 89.0000000667 1.55402075672e-13 74.0000002667 -8.45906405465e-12 70.9999996667
8.57715430862 89.0000000667 1.54211332313e-13 74.0000002667 -8.39739186874e-12 70.9999996667
8.61723446894 89.0000000667 1.53020588954e-13 74.0000002667 -8.33571968283e-12 70.9999996667
8.65731462926 89.0000000667 1.51829845594e-13 74.0000002667 -8.27404749692e-12 70.9999996667
8.69739478958 89.0000000667 1.50639102235e-13 74.0000002667 -8.212375311e-12 70.9999996667
8.7374749499 89.0000000667 1.49448358876e-13 74.0000002667 -8.15070312509e-12 70.9999996667
8.77755511022 89.0000000667 1.48257615516e-13 74.0000002667 -8.08903093918e-12 70.9999996667
8.81763527054 89.0000000667 1.47066872157e-13 74.0000002667 -8.02735875327e-12 70.9999996667
8.85771543086 89.0000000667 1.45876128797e-13 74.0000002667 -7.96568656735e-12 70.9999996667
8.89779559118 89.0000000667 1.44685385438e-13 74.0000002667 -7.90401438144e-12 70.9999996667
8.9378757515 89.0000000667 1.43494642079e-13 74.0000002667 -7.84234219553e-12 70.9999996667
8.97795591182 89.0000000667 1.42303898719e-13 74.0000002667 -7.78067000962e-12 70.9999996667
9.01803607214 89.0000000667 1.4111315536e-13 74.0000002667 -7.71899782371e-12 70.9999996667
9.05811623246 89.0000000667 1.39922412001e-13 74.0000002667 -7.65732563779e-12 70.9999996667
9.09819639279 89.0000000667 1.38731668641e-13 74.0000002667 -7.59565345188e-12 70.9999996667
9.13827655311 89.0000000667 1.37540925282e-13 74.0000002667 -7.53398126597e-12 70.9999996667
9.17835671343 89.0000000667 1.36350181923e-13 74.0000002667 -7.47230908006e-12 70.9999996667
9.21843687375 89.0000000667 1.35159438563e-13 74.0000002667 -7.41063689414e-12 70.9999996667
9.25851703407 89.0000000667 1.33968695204e-13 74.0000002667 -7.34896470823e-12 70.9999996667
9.29859719439 89.0000000667 1.32777951845e-13 74.0000002667 -7.28729252232e-12 70.9999996667
9.33867735471 89.0000000667 1.31587208485e-13 74.0000002667 -7.22562033641e-12 70.9999996667
9.37875751503 89.0000000667 1.30396465126e-13 74.0000002667 -7.16394815049e-12 70.9999996667
9.41883767535 89.0000000667 1.29205721767e-13 74.0000002667 -7.10227596458e-12 70.9999996667
9.45891783567 89.0000000667 1.28014978407e-13 74.0000002667 -7.04060377867e-12 70.9999996667
9.49899799599 89.0000000667 1.26824235048e-13 74.0000002667 -6.97893159276e-12 70.9999996667
9.53907815631 89.0000000667 1.25633491689e-13 74.0000002667 -6.91725940685e-12 70.9999996667
9.57915831663 89.0000000667 1.24442748329e-13 74.0000002667 -6.85558722093e-12 70.9999996667
9.61923847695 89.0000000667 1.2325200497e-13 74.0000002667 -6.79391503502e-12 70.9999996667
9.65931863727 89.0000000667 1.2206126161e-13 74.0000002667 -6.73224284911e-12 70.9999996667
9.6993987976 89.0000000667 1.20870518251e-13 74.0000002667 -6.6705706632e-12 70.9999996667
9.73947895792 89.0000000667 1.19679774892e-13 74.0000002667 -6.60889847728e-12 70.9999996667
9.77955911824 89.0000000667 1.18489031532e-13 74.0000002667 -6.54722629137e-12 70.9999996667
9.81963927856 89.0000000667 1.17298288173e-13 74.0000002667 -6.48555410546e-12 70.9999996667
9.85971943888 89.0000000667 1.16107544814e-13 74.0000002667 -6.42388191955e-12 70.9999996667
9.8997995992 89.0000000667 1.14916801454e-13 74.0000002667 -6.36220973363e-12 70.9999996667
9.93987975952 89.0000000667 1.13726058095e-13 74.0000002667 -6.30053754772e-12 70.9999996667
9.97995991984 89.0000000667 1.12535314736e-13 74.0000002667 -6.23886536181e-12 70.9999996667
10.0200400802 89.0000000667 1.11344571376e-13 74.0000002667 -6.1771931759e-12 70.9999996667
10.0601202405 89.0000000667 1.10153828017e-13 74.0000002667 -6.11552098999e-12 70.9999996667
10.1002004008 89.0000000667 1.08963084658e-13 74.0000002667 -6.05384880407e-12 70.9999996667
10.1402805611 89.0000000667 1.07772341298e-13 74.0000002667 -5.99217661816e-12 70.9999996667
10.1803607214 89.0000000667 1.06581597939e-13 74.0000002667 -5.93050443225e-12 70.9999996667
10.2204408818 89.0000000667 1.0539085458e-13 74.0000002667 -5.86883224634e-12 70.9999996667
10.2605210421 89.0000000667 1.0420011122e-13 74.0000002667 -5.80716006042e-12 70.9999996667
10.3006012024 89.0000000667 1.03009367861e-13 74.0000002667 -5.74548787451e-12 70.9999996667
10.3406813627 89.0000000667 1.01818624501e-13 74.0000002667 -5.6838156886e-12 70.9999996667
10.380761523 89.0000000667 1.00627881142e-13 74.0000002667 -5.62214350269e-12 70.9999996667
10.4208416834 89.0000000667 9.94371377828e-14 74.0000002667 -5.56047131677e-12 70.9999996667
10.4609218437 89.0000000667 9.82463944234e-14 74.0000002667 -5.49879913086e-12 70.9999996667
10.501002004 89.0000000667 9.70556510641e-14 74.0000002667 -5.43712694495e-12 70.9999996667
10.5410821643 89.0000000667 9.58649077047e-14 74.0000002667 -5.37545475904e-12 70.9999996667
10.5811623246 89.0000000667 9.46741643454e-14 74.0000002667 -5.31378257312e-12 70.9999996667
10.621242485 89.0000000667 9.3483420986e-14 74.0000002667 -5.25211038721e-12 70.9999996667
10.6613226453 89.0000000667 9.22926776267e-14 74.0000002667 -5.1904382013e-12 70.9999996667
10.7014028056 89.0000000667 9.11019342673e-14 74.0000002667 -5.12876601539e-12 70.9999996667
10.7414829659 89.0000000667 8.9911190908e-14 74.0000002667 -5.06709382948e-12 70.9999996667
10.7815631263 89.0000000667 8.87204475486e-14 74.0000002667 -5.00542164356e-12 70.9999996667
10.8216432866 89.0000000667 8.75297041893e-14 74.0000002667 -4.94374945765e-12 70.9999996667
10.8617234469 89.0000000667 8.63389608299e-14 74.0000002667 -4.88207727174e-12 70.9999996667
10.9018036072 89.0000000667 8.51482174706e-14 74.0000002667 -4.82040508583e-12 70.9999996667
10.9418837675 89.0000000667 8.39574741112e-14 74.0000002667 -4.75873289991e-12 70.9999996667
10.9819639279 89.0000000667 8.27667307519e-14 74.0000002667 -4.697060714e-12 70.9999996667
11.0220440882 89.0000000667 8.15759873925e-14 74.0000002667 -4.63538852809e-12 70.9999996667
11.0621242485 89.0000000667 8.03852440332e-14 74.0000002667 -4.57371634218e-12 70.9999996667
11.1022044088 89.0000000667 7.91945006738e-14 74.0000002667 -4.51204415626e-12 70.9999996667
11.1422845691 89.0000000667 7.80037573145e-14 74.0000002667 -4.45037197035e-12 70.9999996667
11.1823647295 89.0000000667 7.68130139551e-14 74.0000002667 -4.38869978444e-12 70.9999996667
11.2224448898 89.0000000667 7.56222705958e-14 74.0000002667 -4.32702759853e-12 70.9999996667
11.2625250501 89.0000000667 7.44315272364e-14 74.0000002667 -4.26535541262e-12 70.9999996667
11.3026052104 89.0000000667 7.32407838771e-14 74.0000002667 -4.2036832267e-12 70.9999996667
11.3426853707 89.0000000667 7.20500405177e-14 74.0000002667 -4.14201104079e-12 70.9999996667
11.3827655311 89.0000000667 7.08592971584e-14 74.0000002667 -4.08033885488e-12 70.9999996667
11.4228456914 89.0000000667 6.9668553799e-14 74.0000002667 -4.01866666897e-12 70.9999996667
11.4629258517 89.0000000667 6.84778104396e-14 74.0000002667 -3.95699448305e-12 70.9999996667
11.503006012 89.0000000667 6.72870670803e-14 74.0000002667 -3.89532229714e-12 70.9999996667
11.5430861723 89.0000000667 6.60963237209e-14 74.0000002667 -3.83365011123e-12 70.9999996667
11.5831663327 89.0000000667 6.49055803616e-14 74.0000002667 -3.77197792532e-12 70.9999996667
11.623246493 89.0000000667 6.37148370022e-14 74.0000002667 -3.7103057394e-12 70.9999996667
11.6633266533 89.0000000667 6.25240936429e-14 74.0000002667 -3.64863355349e-12 70.9999996667
11.7034068136 89.0000000667 6.13333502835e-14 74.0000002667 -3.58696136758e-12 70.9999996667
11.7434869739 89.0000000667 6.01426069242e-14 74.0000002667 -3.52528918167e-12 70.9999996667
11.7835671343 89.0000000667 5.89518635648e-14 74.0000002667 -3.46361699576e-12 70.9999996667
11.8236472946 89.0000000667 5.77611202055e-14 74.0000002667 -3.40194480984e-12 70.9999996667
11.8637274549 89.0000000667 5.65703768461e-14 74.0000002667 -3.34027262393e-12 70.9999996667
11.9038076152 89.0000000667 5.53796334868e-14 74.0000002667 -3.27860043802e-12 70.9999996667
11.9438877756 89.0000000667 5.41888901274e-14 74.0000002667 -3.21692825211e-12 70.9999996667
11.9839679359 89.0000000667 5.29981467681e-14 74.0000002667 -3.15525606619e-12 70.9999996667
12.0240480962 89.0000000667 5.18074034087e-14 74.0000002667 -3.09358388028e-12 70.9999996667
12.0641282565 89.0000000667 5.06166600494e-14 74.0000002667 -3.03191169437e-12 70.9999996667
12.1042084168 89.0000000667 4.942591669e-14 74.0000002667 -2.97023950846e-12 70.9999996667
12.1442885772 89.0000000667 4.82351733307e-14 74.0000002667 -2.90856732254e-12 70.9999996667
12.1843687375 89.0000000667 4.70444299713e-14 74.0000002667 -2.84689513663e-12 70.9999996667
12.2244488978 89.0000000667 4.5853686612e-14 74.0000002667 -2.78522295072e-12 70.9999996667
12.2645290581 89.0000000667 4.46629432526e-14 74.0000002667 -2.72355076481e-12 70.9999996667
12.3046092184 89.0000000667 4.34721998933e-14 74.0000002667 -2.6618785789e-12 70.9999996667
12.3446893788 89.0000000667 4.22814565339e-14 74.0000002667 -2.60020639298e-12 70.9999996667
12.3847695391 89.0000000667 4.10907131746e-14 74.0000002667 -2.53853420707e-12 70.9999996667
12.4248496994 89.0000000667 3.98999698152e-14 74.0000002667 -2.47686202116e-12 70.9999996667
12.4649298597 89.0000000667 3.87092264559e-14 74.0000002667 -2.41518983525e-12 70.9999996667
12.50501002 89.0000000667 3.75184830965e-14 74.0000002667 -2.35351764933e-12 70.9999996667
12.5450901804 89.0000000667 3.63277397372e-14 74.0000002667 -2.29184546342e-12 70.9999996667
12.5851703407 89.0000000667 3.51369963778e-14 74.0000002667 -2.23017327751e-12 70.9999996667
12.625250501 89.0000000667 3.39462530185e-14 74.0000002667 -2.1685010916e-12 70.9999996667
12.6653306613 89.0000000667 3.27555096591e-14 74.0000002667 -2.10682890568e-12 70.9999996667
12.7054108216 89.0000000667 3.15647662998e-14 74.0000002667 -2.04515671977e-12 70.9999996667
12.745490982 89.0000000667 3.03740229404e-14 74.0000002667 -1.98348453386e-12 70.9999996667
12.7855711423 89.0000000667 2.91832795811e-14 74.0000002667 -1.92181234795e-12 70.9999996667
12.8256513026 89.0000000667 2.79925362217e-14 74.0000002667 -1.86014016203e-12 70.9999996667
12.8657314629 89.0000000667 2.68017928624e-14 74.0000002667 -1.79846797612e-12 70.9999996667
12.9058116232 89.0000000667 2.5611049503e-14 74.0000002667 -1.73679579021e-12 70.9999996667
12.9458917836 89.0000000667 2.44203061437e-14 74.0000002667 -1.6751236043e-12 70.9999996667
12.9859719439 89.0000000667 2.32295627843e-14 74.0000002667 -1.61345141839e-12 70.9999996667
13.0260521042 89.0000000667 2.2038819425e-14 74.0000002667 -1.55177923247e-12 70.9999996667
13.0661322645 89.0000000667 2.08480760656e-14 74.0000002667 -1.49010704656e-12 70.9999996667
13.1062124248 89.0000000667 1.96573327062e-14 74.0000002667 -1.42843486065e-12 70.9999996667
13.1462925852 89.0000000667 1.84665893469e-14 74.0000002667 -1.36676267474e-12 70.9999996667
13.1863727455 89.0000000667 1.72758459875e-14 74.0000002667 -1.30509048882e-12 70.9999996667
13.2264529058 89.0000000667 1.60851026282e-14 74.0000002667 -1.24341830291e-12 70.9999996667
13.2665330661 89.0000000667 1.48943592688e-14 74.0000002667 -1.181746117e-12 70.9999996667
13.3066132265 89.0000000667 1.37036159095e-14 74.0000002667 -1.12007393109e-12 70.9999996667
13.3466933868 89.0000000667 1.25128725501e-14 74.0000002667 -1.05840174517e-12 70.9999996667
13.3867735471 89.0000000667 1.13221291908e-14 74.0000002667 -9.96729559262e-13 70.9999996667
13.4268537074 89.0000000667 1.01313858314e-14 74.0000002667 -9.3505737335e-13 70.9999996667
13.4669338677 89.0000000667 8.94064247209e-15 74.0000002667 -8.73385187438e-13 70.9999996667
13.5070140281 89.0000000667 7.74989911274e-15 74.0000002667 -8.11713001525e-13 70.9999996667
13.5470941884 89.0000000667 6.55915575338e-15 74.0000002667 -7.50040815613e-13 70.9999996667
13.5871743487 89.0000000667 5.36841239403e-15 74.0000002667 -6.88368629701e-13 70.9999996667
13.627254509 89.0000000667 4.17766903468e-15 74.0000002667 -6.26696443788e-13 70.9999996667
13.6673346693 89.0000000667 2.98692567533e-15 74.0000002667 -5.65024257876e-13 70.9999996667
13.7074148297 89.0000000667 1.97905771123e-15 74.0000002667 -5.12499729116e-13 70.9999996667
13.74749499 89.0000000667 1.96851310837e-15 74.0000002667 -5.09862568562e-13 70.9999996667
13.7875751503 89.0000000667 1.95796850552e-15 74.0000002667 -5.07225408007e-13 70.9999996667
13.8276553106 89.0000000667 1.94742390266e-15 74.0000002667 -5.04588247453e-13 70.9999996667
13.8677354709 89.0000000667 1.9368792998e-15 74.0000002667 -5.01951086899e-13 70.9999996667
13.9078156313 89.0000000667 1.92633469695e-15 74.0000002667 -4.99313926344e-13 70.9999996667
13.9478957916 89.0000000667 1.91579009409e-15 74.0000002667 -4.9667676579e-13 70.9999996667
13.9879759519 89.0000000667 1.90524549123e-15 74.0000002667 -4.94039605236e-13 70.9999996667
14.0280561122 89.0000000667 1.89470088838e-15 74.0000002667 -4.91402444681e-13 70.9999996667
14.0681362725 89.0000000667 1.88415628552e-15 74.0000002667 -4.88765284127e-13 70.9999996667
14.1082164329 89.0000000667 1.87361168266e-15 74.0000002667 -4.86128123572e-13 70.9999996667
14.1482965932 89.0000000667 1.86306707981e-15 74.0000002667 -4.83490963018e-13 70.9999996667
14.1883767535 89.0000000667 1.85252247695e-15 74.0000002667 -4.80853802464e-13 70.9999996667
14.2284569138 89.0000000667 1.84197787409e-15 74.0000002667 -4.78216641909e-13 70.9999996667
14.2685370741 89.0000000667 1.83143327124e-15 74.0000002667 -4.75579481355e-13 70.9999996667
14.3086172345 89.0000000667 1.82088866838e-15 74.0000002667 -4.72942320801e-13 70.9999996667
14.3486973948 89.0000000667 1.81034406552e-15 74.0000002667 -4.70305160246e-13 70.9999996667
14.3887775551 89.0000000667 1.79979946267e-15 74.0000002667 -4.67667999692e-13 70.9999996667
14.4288577154 89.0000000667 1.78925485981e-15 74.0000002667 -4.65030839138e-13 70.9999996667
14.4689378758 89.0000000667 1.77871025695e-15 74.0000002667 -4.62393678583e-13 70.9999996667
14.5090180361 89.0000000667 1.7681656541e-15 74.0000002667 -4.59756518029e-13 70.9999996667
14.5490981964 89.0000000667 1.75762105124e-15 74.0000002667 -4.57119357475e-13 70.9999996667
14.5891783567 89.0000000667 1.74707644838e-15 74.0000002667 -4.5448219692e-13 70.9999996667
14.629258517 89.0000000667 1.73653184553e-15 74.0000002667 -4.51845036366e-13 70.9999996667
14.6693386774 89.0000000667 1.72598724267e-15 74.0000002667 -4.49207875812e-13 70.9999996667
14.7094188377 89.0000000667 1.71544263981e-15 74.0000002667 -4.46570715257e-13 70.9999996667
14.749498998 89.0000000667 1.70489803696e-15 74.0000002667 -4.43933554703e-13 70.9999996667
14.7895791583 89.0000000667 1.6943534341e-15 74.0000002667 -4.41296394149e-13 70.9999996667
14.8296593186 89.0000000667 1.68380883124e-15 74.0000002667 -4.38659233594e-13 70.9999996667
14.869739479 89.0000000667 1.67326422839e-15 74.0000002667 -4.3602207304e-13 70.9999996667
14.9098196393 89.0000000667 1.66271962553e-15 74.0000002667 -4.33384912486e-13 70.9999996667
14.9498997996 89.0000000667 1.65217502267e-15 74.0000002667 -4.30747751931e-13 70.9999996667
14.9899799599 89.0000000667 1.64163041982e-15 74.0000002667 -4.28110591377e-13 70.9999996667
15.0300601202 89.0000000667 1.63108581696e-15 74.0000002667 -4.25473430822e-13 70.9999996667
15.0701402806 89.0000000667 1.6205412141e-15 74.0000002667 -4.22836270268e-13 70.9999996667
15.1102204409 89.0000000667 1.60999661125e-15 74.0000002667 -4.20199109714e-13 70.9999996667
15.1503006012 89.0000000667 1.59945200839e-15 74.0000002667 -4.17561949159e-13 70.9999996667
15.1903807615 89.0000000667 1.58890740553e-15 74.0000002667 -4.14924788605e-13 70.9999996667
15.2304609218 89.0000000667 1.57836280268e-15 74.0000002667 -4.12287628051e-13 70.9999996667
15.2705410822 89.0000000667 1.56781819982e-15 74.0000002667 -4.09650467496e-13 70.9999996667
15.3106212425 89.0000000667 1.55727359696e-15 74.0000002667 -4.07013306942e-13 70.9999996667
15.3507014028 89.0000000667 1.54672899411e-15 74.0000002667 -4.04376146388e-13 70.9999996667
15.3907815631 89.0000000667 1.53618439125e-15 74.0000002667 -4.01738985833e-13 70.9999996667
15.4308617234 89.0000000667 1.52563978839e-15 74.0000002667 -3.99101825279e-13 70.9999996667
15.4709418838 89.0000000667 1.51509518554e-15 74.0000002667 -3.96464664725e-13 70.9999996667
15.5110220441 89.0000000667 1.50455058268e-15 74.0000002667 -3.9382750417e-13 70.9999996667
15.5511022044 89.0000000667 1.49400597982e-15 74.0000002667 -3.91190343616e-13 70.9999996667
15.5911823647 89.0000000667 1.48346137697e-15 74.0000002667 -3.88553183062e-13 70.9999996667
15.6312625251 89.0000000667 1.47291677411e-15 74.0000002667 -3.85916022507e-13 70.9999996667
15.6713426854 89.0000000667 1.46237217125e-15 74.0000002667 -3.83278861953e-13 70.9999996667
15.7114228457 89.0000000667 1.4518275684e-15 74.0000002667 -3.80641701399e-13 70.9999996667
15.751503006 89.0000000667 1.44128296554e-15 74.0000002667 -3.78004540844e-13 70.9999996667
15.7915831663 89.0000000667 1.43073836268e-15 74.0000002667 -3.7536738029e-13 70.9999996667
15.8316633267 89.0000000667 1.42019375983e-15 74.0000002667 -3.72730219735e-13 70.9999996667
15.871743487 89.0000000667 1.40964915697e-15 74.0000002667 -3.70093059181e-13 70.9999996667
15.9118236473 89.0000000667 1.39910455411e-15 74.0000002667 -3.67455898627e-13 70.9999996667
15.9519038076 89.0000000667 1.38855995126e-15 74.0000002667 -3.64818738072e-13 70.9999996667
15.9919839679 89.0000000667 1.3780153484e-15 74.0000002667 -3.62181577518e-13 70.9999996667
16.0320641283 89.0000000667 1.36747074554e-15 74.0000002667 -3.59544416964e-13 70.9999996667
16.0721442886 89.0000000667 1.35692614269e-15 74.0000002667 -3.56907256409e-13 70.9999996667
16.1122244489 89.0000000667 1.34638153983e-15 74.0000002667 -3.54270095855e-13 70.9999996667
16.1523046092 89.0000000667 1.33583693697e-15 74.0000002667 -3.51632935301e-13 70.9999996667
16.1923847695 89.0000000667 1.32529233412e-15 74.0000002667 -3.48995774746e-13 70.9999996667
16.2324649299 89.0000000667 1.31474773126e-15 74.0000002667 -3.46358614192e-13 70.9999996667
16.2725450902 89.0000000667 1.3042031284e-15 74.0000002667 -3.43721453638e-13 70.9999996667
16.3126252505 89.0000000667 1.29365852555e-15 74.0000002667 -3.41084293083e-13 70.9999996667
16.3527054108 89.0000000667 1.28311392269e-15 74.0000002667 -3.38447132529e-13 70.9999996667
16.3927855711 89.0000000667 1.27256931983e-15 74.0000002667 -3.35809971975e-13 70.9999996667
16.4328657315 89.0000000667 1.26202471698e-15 74.0000002667 -3.3317281142e-13 70.9999996667
16.4729458918 89.0000000667 1.25148011412e-15 74.0000002667 -3.30535650866e-13 70.9999996667
16.5130260521 89.0000000667 1.24093551126e-15 74.0000002667 -3.27898490312e-13 70.9999996667
16.5531062124 89.0000000667 1.23039090841e-15 74.0000002667 -3.25261329757e-13 70.9999996667
16.5931863727 89.0000000667 1.21984630555e-15 74.0000002667 -3.22624169203e-13 70.9999996667
16.6332665331 89.0000000667 1.20930170269e-15 74.0000002667 -3.19987008649e-13 70.9999996667
16.6733466934 89.0000000667 1.19875709983e-15 74.0000002667 -3.17349848094e-13 70.9999996667
16.7134268537 89.0000000667 1.18821249698e-15 74.0000002667 -3.1471268754e-13 70.9999996667
16.753507014 89.0000000667 1.17766789412e-15 74.0000002667 -3.12075526985e-13 70.9999996667
16.7935871743 89.0000000667 1.16712329126e-15 74.0000002667 -3.09438366431e-13 70.9999996667
16.8336673347 89.0000000667 1.15657868841e-15 74.0000002667 -3.06801205877e-13 70.9999996667
16.873747495 89.0000000667 1.14603408555e-15 74.0000002667 -3.04164045322e-13 70.9999996667
16.9138276553 89.0000000667 1.13548948269e-15 74.0000002667 -3.01526884768e-13 70.9999996667
16.9539078156 89.0000000667 1.12494487984e-15 74.0000002667 -2.98889724214e-13 70.9999996667
16.993987976 89.0000000667 1.11440027698e-15 74.0000002667 -2.96252563659e-13 70.9999996667
17.0340681363 89.0000000667 1.10385567412e-15 74.0000002667 -2.93615403105e-13 70.9999996667
17.0741482966 89.0000000667 1.09331107127e-15 74.0000002667 -2.90978242551e-13 70.9999996667
17.1142284569 89.0000000667 1.08276646841e-15 74.0000002667 -2.88341081996e-13 70.9999996667
17.1543086172 89.0000000667 1.07222186555e-15 74.0000002667 -2.85703921442e-13 70.9999996667
17.1943887776 89.0000000667 1.0616772627e-15 74.0000002667 -2.83066760888e-13 70.9999996667
17.2344689379 89.0000000667 1.05113265984e-15 74.0000002667 -2.80429600333e-13 70.9999996667
17.2745490982 89.0000000667 1.04058805698e-15 74.0000002667 -2.77792439779e-13 70.9999996667
17.3146292585 89.0000000667 1.03004345413e-15 74.0000002667 -2.75155279225e-13 70.9999996667
17.3547094188 89.0000000667 1.01949885127e-15 74.0000002667 -2.7251811867e-13 70.9999996667
17.3947895792 89.0000000667 1.00895424841e-15 74.0000002667 -2.69880958116e-13 70.9999996667
17.4348697395 89.0000000667 9.98409645558e-16 74.0000002667 -2.67243797562e-13 70.9999996667
17.4749498998 89.0000000667 9.87865042701e-16 74.0000002667 -2.64606637007e-13 70.9999996667
17.5150300601 89.0000000667 9.77320439845e-16 74.0000002667 -2.61969476453e-13 70.9999996667
17.5551102204 89.0000000667 9.66775836988e-16 74.0000002667 -2.59332315898e-13 70.9999996667
17.5951903808 89.0000000667 9.56231234131e-16 74.0000002667 -2.56695155344e-13 70.9999996667
17.6352705411 89.0000000667 9.45686631275e-16 74.0000002667 -2.5405799479e-13 70.9999996667
17.6753507014 89.0000000667 9.35142028418e-16 74.0000002667 -2.51420834235e-13 70.9999996667
17.7154308617 89.0000000667 9.24597425561e-16 74.0000002667 -2.48783673681e-13 70.9999996667
17.755511022 89.0000000667 9.14052822705e-16 74.0000002667 -2.46146513127e-13 70.9999996667
17.7955911824 89.0000000667 9.03508219848e-16 74.0000002667 -2.43509352572e-13 70.9999996667
17.8356713427 89.0000000667 8.92963616991e-16 74.0000002667 -2.40872192018e-13 70.9999996667
17.875751503 89.0000000667 8.82419014135e-16 74.0000002667 -2.38235031464e-13 70.9999996667
17.9158316633 89.0000000667 8.71874411278e-16 74.0000002667 -2.35597870909e-13 70.9999996667
17.9559118236 89.0000000667 8.61329808421e-16 74.0000002667 -2.32960710355e-13 70.9999996667
17.995991984 89.0000000667 8.50785205565e-16 74.0000002667 -2.30323549801e-13 70.9999996667
18.0360721443 89.0000000667 8.40240602708e-16 74.0000002667 -2.27686389246e-13 70.9999996667
18.0761523046 89.0000000667 8.29695999851e-16 74.0000002667 -2.25049228692e-13 70.9999996667
18.1162324649 89.0000000667 8.19151396995e-16 74.0000002667 -2.22412068138e-13 70.9999996667
18.1563126253 89.0000000667 8.08606794138e-16 74.0000002667 -2.19774907583e-13 70.9999996667
18.1963927856 89.0000000667 7.98062191281e-16 74.0000002667 -2.17137747029e-13 70.9999996667
18.2364729459 89.0000000667 7.87517588425e-16 74.0000002667 -2.14500586475e-13 70.9999996667
18.2765531062 89.0000000667 7.76972985568e-16 74.0000002667 -2.1186342592e-13 70.9999996667
18.3166332665 89.0000000667 7.66428382711e-16 74.0000002667 -2.09226265366e-13 70.9999996667
18.3567134269 89.0000000667 7.55883779855e-16 74.0000002667 -2.06589104812e-13 70.9999996667
18.3967935872 89.0000000667 7.45339176998e-16 74.0000002667 -2.03951944257e-13 70.9999996667
18.4368737475 89.0000000667 7.34794574141e-16 74.0000002667 -2.01314783703e-13 70.9999996667
18.4769539078 89.0000000667 7.24249971285e-16 74.0000002667 -1.98677623148e-13 70.9999996667
18.5170340681 89.0000000667 7.13705368428e-16 74.0000002667 -1.96040462594e-13 70.9999996667
18.5571142285 89.0000000667 7.03160765571e-16 74.0000002667 -1.9340330204e-13 70.9999996667
18.5971943888 89.0000000667 6.92616162715e-16 74.0000002667 -1.90766141485e-13 70.9999996667
18.6372745491 89.0000000667 6.82071559858e-16 74.0000002667 -1.88128980931e-13 70.9999996667
18.6773547094 89.0000000667 6.71526957001e-16 74.0000002667 -1.85491820377e-13 70.9999996667
18.7174348697 89.0000000667 6.60982354145e-16 74.0000002667 -1.82854659822e-13 70.9999996667
18.7575150301 89.0000000667 6.50437751288e-16 74.0000002667 -1.80217499268e-13 70.9999996667
18.7975951904 89.0000000667 6.39893148431e-16 74.0000002667 -1.77580338714e-13 70.9999996667
18.8376753507 89.0000000667 6.29348545575e-16 74.0000002667 -1.74943178159e-13 70.9999996667
18.877755511 89.0000000667 6.18803942718e-16 74.0000002667 -1.72306017605e-13 70.9999996667
18.9178356713 89.0000000667 6.08259339861e-16 74.0000002667 -1.69668857051e-13 70.9999996667
18.9579158317 89.0000000667 5.97714737004e-16 74.0000002667 -1.67031696496e-13 70.9999996667
18.997995992 89.0000000667 5.87170134148e-16 74.0000002667 -1.64394535942e-13 70.9999996667
19.0380761523 89.0000000667 5.76625531291e-16 74.0000002667 -1.61757375388e-13 70.9999996667
19.0781563126 89.0000000667 5.66080928434e-16 74.0000002667 -1.59120214833e-13 70.9999996667
19.1182364729 89.0000000667 5.55536325578e-16 74.0000002667 -1.56483054279e-13 70.9999996667
19.1583166333 89.0000000667 5.44991722721e-16 74.0000002667 -1.53845893725e-13 70.9999996667
19.1983967936 89.0000000667 5.34447119864e-16 74.0000002667 -1.5120873317e-13 70.9999996667
19.2384769539 89.0000000667 5.23902517008e-16 74.0000002667 -1.48571572616e-13 70.9999996667
19.2785571142 89.0000000667 5.13357914151e-16 74.0000002667 -1.45934412061e-13 70.9999996667
19.3186372745 89.0000000667 5.02813311294e-16 74.0000002667 -1.43297251507e-13 70.9999996667
19.3587174349 89.0000000667 4.92268708438e-16 74.0000002667 -1.40660090953e-13 70.9999996667
19.3987975952 89.0000000667 4.81724105581e-16 74.0000002667 -1.38022930398e-13 70.9999996667
19.4388777555 89.0000000667 4.71179502724e-16 74.0000002667 -1.35385769844e-13 70.9999996667
19.4789579158 89.0000000667 4.60634899868e-16 74.0000002667 -1.3274860929e-13 70.9999996667
19.5190380762 89.0000000667 4.50090297011e-16 74.0000002667 -1.30111448735e-13 70.9999996667
19.5591182365 89.0000000667 4.39545694154e-16 74.0000002667 -1.27474288181e-13 70.9999996667
19.5991983968 89.0000000667 4.29001091298e-16 74.0000002667 -1.24837127627e-13 70.9999996667
19.6392785571 89.0000000667 4.18456488441e-16 74.0000002667 -1.22199967072e-13 70.9999996667
19.6793587174 89.0000000667 4.07911885584e-16 74.0000002667 -1.19562806518e-13 70.9999996667
19.7194388778 89.0000000667 3.97367282728e-16 74.0000002667 -1.16925645964e-13 70.9999996667
19.7595190381 89.0000000667 3.86822679871e-16 74.0000002667 -1.14288485409e-13 70.9999996667
19.7995991984 89.0000000667 3.76278077014e-16 74.0000002667 -1.11651324855e-13 70.9999996667
19.8396793587 89.0000000667 3.65733474158e-16 74.0000002667 -1.09014164301e-13 70.9999996667
19.879759519 89.0000000667 3.55188871301e-16 74.0000002667 -1.06377003746e-13 70.9999996667
19.9198396794 89.0000000667 3.44644268444e-16 74.0000002667 -1.03739843192e-13 70.9999996667
19.9599198397 89.0000000667 3.34099665588e-16 74.0000002667 -1.01102682638e-13 70.9999996667
20.0 89.0000000667 3.23555062731e-16 74.0000002667 -9.84655220832e-14 70.9999996667
