0.0 7.0 0.001 5.0 0.001 6.0
0.0400801603206 7.00000007408 0.000922964414479 5.00000000938 0.0010408947754 5.99999991653
0.0801603206413 7.00000013716 0.000851868633405 5.00000003673 0.00108346149586 5.99999982611
0.120240480962 7.00000019088 0.000786254622508 5.00000008099 0.00112776822452 5.99999972814
0.160320641283 7.00000023665 0.000725689827958 5.00000014136 0.00117388757343 5.99999962198
0.200400801603 7.00000027564 0.000669791486109 5.00000021739 0.00122189306124 5.99999950697
0.240480961924 7.00000030886 0.000618197171621 5.00000030878 0.00127186147567 5.99999938236
0.280561122244 7.00000033718 0.000570575573426 5.00000041548 0.0013238732085 5.99999924735
0.320641282565 7.0000003613 0.000526621491886 5.00000053763 0.00137801182933 5.99999910107
0.360721442886 7.00000038186 0.00048605260246 5.00000067556 0.00143436430871 5.99999894258
0.400801603206 7.00000039937 0.00044860966368 5.00000082976 0.00149302130684 5.99999877087
0.440881763527 7.00000041428 0.000414052331554 5.0000010009 0.00155407715684 5.99999858483
0.480961923848 7.00000042698 0.000382157095942 5.00000118977 0.00161762978786 5.99999838325
0.521042084168 7.0000004378 0.000352718461346 5.00000139735 0.00168378134756 5.99999816486
0.561122244489 7.00000044701 0.0003255478227 5.00000162475 0.00175263804139 5.99999792823
0.60120240481 7.00000045487 0.000300469802448 5.00000187327 0.00182431058885 5.99999767186
0.64128256513 7.00000046156 0.000277323687697 5.00000214436 0.00189891408864 5.99999739409
0.681362725451 7.00000046726 0.000255958804954 5.00000243963 0.00197656882614 5.99999709311
0.721442885772 7.00000047213 0.000236238699379 5.00000276089 0.00205739948439 5.99999676698
0.761523046092 7.00000047627 0.000218038523018 5.00000311009 0.00214153553614 5.99999641364
0.801603206413 7.00000047979 0.000201243067345 5.00000348935 0.00222911155541 5.99999603086
0.841683366733 7.00000048276 0.000185745737421 5.00000390109 0.0023202683742 5.99999561615
0.881763527054 7.00000048527 0.000171446622154 5.00000434791 0.00241515268144 5.99999516682
0.921843687375 7.00000048738 0.000158250792547 5.00000483263 0.00251391701475 5.99999467999
0.961923847695 7.00000048919 0.000146066893286 5.00000535827 0.00261672025787 5.99999415254
1.00200400802 7.00000049078 0.000134813120658 5.00000592816 0.00272372770124 5.99999358106
1.04208416834 7.00000049215 0.000124422999576 5.00000654597 0.00283511110784 5.99999296188
1.08216432866 7.00000049332 0.000114833663184 5.00000721566 0.00295104923877 5.99999229102
1.12224448898 7.00000049429 0.000105987104871 5.00000794152 0.00307172816854 5.99999156419
1.1623246493 7.00000049512 9.782396111e-05 5.00000872821 0.00319734192885 5.99999077668
1.20240480962 7.00000049581 9.02904373266e-05 5.00000958074 0.00332809225796 5.99998992344
1.24248496994 7.00000049642 8.33361967042e-05 5.00001050457 0.00346418911326 5.99998899901
1.28256513026 7.00000049693 7.69176728227e-05 5.00001150565 0.00360585119791 5.99998799742
1.32264529058 7.00000049737 7.09932454659e-05 5.0000125904 0.00375330602197 5.99998691223
1.3627254509 7.00000049774 6.5524206446e-05 5.00001376577 0.00390679032677 5.99998573648
1.40280561122 7.00000049806 6.04759351637e-05 5.00001503933 0.00406655073984 5.9999844626
1.44288577154 7.00000049833 5.58165280491e-05 5.00001641927 0.00423284382665 5.9999830824
1.48296593186 7.00000049856 5.15166814204e-05 5.00001791441 0.00440593651907 5.99998158703
1.52304609218 7.00000049876 4.75486210867e-05 5.00001953439 0.00458610691399 5.99997996685
1.56312625251 7.00000049893 4.38864971895e-05 5.00002128964 0.00477364436189 5.99997821144
1.60320641283 7.00000049907 4.05061615695e-05 5.00002319138 0.00496884987222 5.99997630955
1.64328657315 7.00000049919 3.73860090743e-05 5.00002525188 0.00517203699231 5.99997424893
1.68336673347 7.00000049929 3.45061652468e-05 5.00002748439 0.00538353202544 5.99997201632
1.72344689379 7.00000049938 3.18480687643e-05 5.00002990322 0.00560367439521 5.9999695974
1.76352705411 7.00000049946 2.93947151059e-05 5.00003252397 0.00583281772423 5.99996697658
1.80360721443 7.00000049952 2.71304260059e-05 5.00003536354 0.00607133005529 5.99996413694
1.84368737475 7.00000049957 2.50406219632e-05 5.00003844012 0.00631959408165 5.99996106031
1.88376753507 7.00000049962 2.31117486349e-05 5.00004177334 0.00657800783616 5.99995772704
1.92384769539 7.00000049966 2.13315156163e-05 5.00004538473 0.00684698642855 5.99995411561
1.96392785571 7.00000049969 1.96885533995e-05 5.00004929763 0.00712696186539 5.99995020268
2.00400801603 7.00000049972 1.81721798815e-05 5.0000535371 0.00741838323099 5.99994596318
2.04408817635 7.00000049975 1.67724050687e-05 5.00005813019 0.00772171763342 5.99994137006
2.08416833667 7.00000049977 1.54803828093e-05 5.00006310662 0.00803745221435 5.99993639361
2.12424849699 7.00000049978 1.4287930873e-05 5.00006849848 0.00836609379536 5.99993100173
2.16432865731 7.0000004998 1.31873455516e-05 5.00007434032 0.00870816927144 5.99992515988
2.20440881764 7.00000049981 1.21714595353e-05 5.00008066939 0.00906422668824 5.9999188308
2.24448897796 7.00000049982 1.12338423008e-05 5.00008752668 0.0094348376258 5.9999119735
2.28456913828 7.00000049983 1.03685173102e-05 5.00009495638 0.0098205965911 5.99990454379
2.3246492986 7.00000049984 9.56987929011e-06 5.00010300606 0.0102221216493 5.9998964941
2.36472945892 7.00000049985 8.83270535085e-06 5.00011172708 0.0106400556813 5.99988777307
2.40480961924 7.00000049985 8.15234016445e-06 5.00012117593 0.0110750691805 5.99987832422
2.44488977956 7.00000049986 7.52443391767e-06 5.00013141345 0.0115278593505 5.99986808669
2.48496993988 7.00000049986 6.94490063229e-06 5.00014250517 0.0119991510249 5.99985699497
2.5250501002 7.00000049987 6.40993511023e-06 5.00015452185 0.0124896981438 5.99984497829
2.56513026052 7.00000049987 5.9161763396e-06 5.00016754134 0.0130002869641 5.99983195879
2.60521042084 7.00000049987 5.46047482713e-06 5.00018164743 0.0135317348539 5.99981785269
2.64529058116 7.00000049987 5.03988116472e-06 5.00019693034 0.0140848915537 5.99980256979
2.68537074148 7.00000049988 4.65166138778e-06 5.00021348766 0.0146606410089 5.99978601246
2.7254509018 7.00000049988 4.2933872126e-06 5.00023142717 0.0152599054009 5.99976807295
2.76553106212 7.00000049988 3.96276341399e-06 5.00025086432 0.0158836426605 5.99974863581
2.80561122244 7.00000049988 3.65763135537e-06 5.00027192323 0.0165328483497 5.99972757689
2.84569138277 7.00000049988 3.37595808511e-06 5.00029473749 0.0172085571845 5.99970476263
2.88577154309 7.00000049988 3.11590280955e-06 5.00031945305 0.0179118467569 5.99968004707
2.92585170341 7.00000049988 2.87589874564e-06 5.00034623154 0.0186438416865 5.99965326858
2.96593186373 7.00000049988 2.65440168592e-06 5.00037524466 0.0194057084804 5.99962425546
3.00601202405 7.00000049988 2.44996616744e-06 5.00040667736 0.0201986595254 5.99959282276
3.04609218437 7.00000049988 2.26123367168e-06 5.00044072868 0.0210239546567 5.99955877144
3.08617234469 7.00000049988 2.08701934199e-06 5.00047761896 0.0218829077429 5.99952188116
3.12625250501 7.00000049988 1.92624669804e-06 5.00051758741 0.0227768856376 5.99948191271
3.16633266533 7.00000049988 1.77787940223e-06 5.00056088954 0.0237073069832 5.99943861057
3.20641282565 7.00000049988 1.64094737341e-06 5.00060780054 0.0246756457524 5.99939169958
3.24649298597 7.00000049989 1.51454472487e-06 5.00065861755 0.0256834336971 5.99934088256
3.28657314629 7.00000049989 1.39789398559e-06 5.00071367164 0.0267322684576 5.99928582848
3.32665330661 7.00000049989 1.29025304757e-06 5.00077331693 0.0278238082419 5.99922618318
3.36673346693 7.00000049989 1.19091718747e-06 5.00083793358 0.0289597746238 5.99916156654
3.40681362725 7.00000049989 1.09922155124e-06 5.0009079307 0.0301419553797 5.99909156941
3.44689378758 7.00000049989 1.01456031853e-06 5.00098375379 0.0313722088632 5.99901574633
3.4869739479 7.00000049989 9.36426990949e-07 5.00106589656 0.03265247027 5.99893360355
3.52705410822 7.00000049989 8.6432012088e-07 5.00115488386 0.0339847458576 5.99884461625
3.56713426854 7.00000049989 7.97770194112e-07 5.00125128063 0.0353711180101 5.99874821948
3.60721442886 7.00000049989 7.3634083766e-07 5.00135569722 0.0368137482919 5.99864380289
3.64729458918 7.00000049989 6.79631387895e-07 5.0014687965 0.0383148808571 5.99853070362
3.6873747495 7.00000049989 6.27300858416e-07 5.00159131487 0.0398768492368 5.99840818524
3.72745490982 7.00000049989 5.79009988841e-07 5.00172402995 0.0415020702003 5.99827547016
3.76753507014 7.00000049989 5.34442279306e-07 5.00186777968 0.0431930500797 5.99813172043
3.80761523046 7.00000049989 4.93301792318e-07 5.0020234677 0.0449523872897 5.99797603241
3.84769539078 7.00000049989 4.55333260474e-07 5.00219209793 0.0467827769207 5.99780740218
3.8877755511 7.00000049989 4.20295055477e-07 5.00237474683 0.0486870110148 5.99762475329
3.92785571142 7.00000049989 3.87958520392e-07 5.00257257015 0.0506679812875 5.99742692996
3.96793587174 7.00000049989 3.58110892386e-07 5.00278681431 0.0527286821995 5.9972126858
4.00801603206 7.00000049989 3.30554483467e-07 5.00301882253 0.0548722137043 5.99698067759
4.04809619238 7.00000049989 3.05107824295e-07 5.00327005651 0.0571017793864 5.9967294436
4.08817635271 7.00000049989 2.81606974632e-07 5.00354211578 0.0594206855165 5.99645738434
4.12825651303 7.00000049989 2.59902961472e-07 5.0038367143 0.0618323534535 5.99616278581
4.16833667335 7.00000049989 2.3986435805e-07 5.00415570435 0.0643403176577 5.99584379576
4.20841683367 7.00000049989 2.2137894987e-07 5.00450108719 0.0669482279442 5.99549841292
4.24849699399 7.00000049989 2.04351635953e-07 5.00487502462 0.0696598496268 5.99512447549
4.28857715431 7.00000049989 1.88651657611e-07 5.00527985815 0.0724790369484 5.99471964197
4.32865731463 7.00000049989 1.74167070078e-07 5.005718114 0.0754097623175 5.99428138611
4.36873747495 7.00000049989 1.60804372318e-07 5.00619251635 0.0784561166525 5.99380698376
4.40881763527 7.00000049989 1.48477964566e-07 5.00670600246 0.0816223041752 5.99329349766
4.44889779559 7.00000049989 1.37110092739e-07 5.00726173712 0.0849126424503 5.99273776299
4.48897795591 7.00000049989 1.26626087418e-07 5.00786314125 0.0883315409742 5.99213635887
4.52905811623 7.00000049989 1.16949204872e-07 5.00851392252 0.0918834772769 5.9914855776
4.56913827655 7.00000049989 1.08011830167e-07 5.00921806067 0.0955730444562 5.99078143944
4.60921843687 7.00000049989 9.97508156613e-08 5.00997983748 0.0994049289186 5.99001966263
4.64929859719 7.00000049989 9.21085733869e-08 5.01080386135 0.103383896114 5.98919563876
4.68937875752 7.00000049989 8.50414135373e-08 5.01169512563 0.107514721659 5.98830437449
4.72945891784 7.00000049989 7.85097855494e-08 5.01265898049 0.111802262479 5.98734051962
4.76953907816 7.00000049989 7.24803191366e-08 5.01370116119 0.116251436649 5.98629833892
4.80961923848 7.00000049989 6.69266154017e-08 5.01482781327 0.12086720799 5.98517168685
4.8496993988 7.00000049989 6.18133475891e-08 5.01604557397 0.125654473668 5.98395392615
4.88977955912 7.00000049989 5.71006954502e-08 5.01736157577 0.130618085663 5.98263792435
4.92985971944 7.00000049989 5.27495860517e-08 5.01878344681 0.135762877553 5.98121605331
4.96993987976 7.00000049989 4.87255654921e-08 5.02031935536 0.141093590945 5.97968014475
5.01002004008 7.00000049989 4.50089835081e-08 5.02197804013 0.1466148199 5.97802145998
5.0501002004 7.00000049989 4.15770448666e-08 5.02376883157 0.152331045016 5.97623066854
5.09018036072 7.00000049989 3.84098847936e-08 5.02570168507 0.158246562574 5.97429781504
5.13026052104 7.00000049989 3.54863615657e-08 5.02778723058 0.164365313564 5.97221226954
5.17034068136 7.00000049989 3.27884423733e-08 5.0300367806 0.170690984405 5.96996271952
5.21042084168 7.00000049989 3.03002987923e-08 5.03246236226 0.177226939851 5.96753713785
5.250501002 7.00000049989 2.80056864576e-08 5.03507672228 0.183976008555 5.96492277784
5.29058116232 7.00000049989 2.58886534527e-08 5.03789336597 0.190940505288 5.96210613414
5.33066132265 7.00000049989 2.39338849594e-08 5.04092659202 0.198122225616 5.9590729081
5.37074148297 7.00000049989 2.21278538297e-08 5.04419146457 0.205522236483 5.95580803555
5.41082164329 7.00000049989 2.04602322087e-08 5.04770379564 0.213140712644 5.95229570447
5.45090180361 7.00000049989 1.89207956987e-08 5.05148024188 0.220977050051 5.94851925824
5.49098196393 7.00000049989 1.75003443946e-08 5.05553825029 0.2290296621 5.94446124982
5.53106212425 7.00000049989 1.61894456947e-08 5.05989588266 0.237295656609 5.94010361746
5.57114228457 7.00000049989 1.49796396078e-08 5.06457200997 0.245770981334 5.93542749014
5.61122244489 7.00000049989 1.38630718486e-08 5.06958625422 0.254450258667 5.93041324589
5.65130260521 7.00000049989 1.28325769225e-08 5.07495863444 0.263326434052 5.92504086568
5.69138276553 7.00000049989 1.18814444337e-08 5.08070972311 0.27239078156 5.919289777
5.73146292585 7.00000049989 1.10032811206e-08 5.08686068183 0.281632826504 5.91313881828
5.77154308617 7.00000049989 1.01923334128e-08 5.09343282825 0.291040081804 5.90656667186
5.81162324649 7.00000049989 9.44361638476e-09 5.10044740118 0.30059786477 5.89955209894
5.85170340681 7.00000049989 8.75242993716e-09 5.10792590466 0.310289277462 5.89207359545
5.89178356713 7.00000049989 8.11441201844e-09 5.11588946852 0.320094879114 5.88411003159
5.93186372745 7.00000049989 7.52554594177e-09 5.12435895334 0.329993338399 5.87564054678
5.97194388778 7.00000049989 6.98187253553e-09 5.13335379601 0.339959799769 5.8666457041
6.0120240481 7.00000049989 6.47984790961e-09 5.14289329449 0.349967140185 5.85710620563
6.05210420842 7.00000049989 6.01624901663e-09 5.15299487154 0.359985563154 5.84700462857
6.09218436874 7.00000049989 5.58814636136e-09 5.16367413705 0.36998255147 5.83632536306
6.13226452906 7.00000049989 5.19279092839e-09 5.17494486433 0.379922802133 5.82505463578
6.17234468938 7.00000049989 4.82764424055e-09 5.18681832632 0.38976841711 5.8131811738
6.2124248497 7.00000049989 4.49036436716e-09 5.19930294036 0.39947902098 5.80069655976
6.25250501002 7.00000049989 4.1787832476e-09 5.21240374309 0.40901203858 5.78759575702
6.29258517034 7.00000049989 3.89091614419e-09 5.22612262159 0.41832258451 5.77387687853
6.33266533066 7.00000049989 3.6249141697e-09 5.24045697829 0.427364406003 5.75954252182
6.37274549098 7.00000049989 3.37908128332e-09 5.25540021019 0.436089547966 5.74459928993
6.4128256513 7.00000049989 3.15184873928e-09 5.27094096505 0.444449360644 5.72905853506
6.45290581162 7.00000049989 2.94176298082e-09 5.28706280509 0.4523948701 5.71293669503
6.49298597194 7.00000049989 2.74748400226e-09 5.30374425595 0.459877446798 5.69625524416
6.53306613226 7.00000049989 2.56778110933e-09 5.32095873339 0.466848913845 5.67904076673
6.57314629259 7.00000049989 2.40151148437e-09 5.33867428254 0.473263037659 5.66132521757
6.61322645291 7.00000049989 2.24762575903e-09 5.35685381973 0.479075338019 5.64314568039
6.65330661323 7.00000049989 2.10515237644e-09 5.37545518788 0.484244465134 5.62454431223
6.69338677355 7.00000049989 1.97319474338e-09 5.3944316232 0.488732685119 5.60556787691
6.73346693387 7.00000049989 1.85092924107e-09 5.41373176018 0.492506043284 5.58626773994
6.77354709419 7.00000049989 1.7375936997e-09 5.43330061563 0.495535674907 5.56669888448
6.81362725451 7.00000049989 1.632485387e-09 5.45307968021 0.497798016025 5.54691981991
6.85370741483 7.00000049989 1.53495831011e-09 5.47300792025 0.499275011575 5.52699157986
6.89378757515 7.00000049989 1.4444134168e-09 5.49302251939 0.499955168945 5.50697698072
6.93386773547 7.00000049989 1.36029972788e-09 5.51305950679 0.499833156345 5.48693999332
6.97394789579 7.00000049989 1.28211278719e-09 5.53305460202 0.498909785844 5.4669448981
7.01402805611 7.00000049989 1.20938624761e-09 5.5529440333 0.497192525407 5.44705546681
7.05410821643 7.00000049989 1.14169139344e-09 5.57266543384 0.494694910868 5.42733406628
7.09418837675 7.00000049989 1.07863313708e-09 5.59215850631 0.491436724565 5.4078409938
7.13426853707 7.00000049989 1.01984872893e-09 5.61136579092 0.487443074768 5.38863370919
7.17434869739 7.00000049989 9.65004033342e-10 5.63023336903 0.482744543072 5.36976613108
7.21442885772 7.00000049989 9.13792621372e-10 5.64871121269 0.477376012282 5.35128828742
7.25450901804 7.00000049989 8.65932453214e-10 5.6667539924 0.471376648323 5.33324550772
7.29458917836 7.00000049989 8.21164899828e-10 5.68432097967 0.464788745159 5.31567852045
7.33466933868 7.00000049989 7.79252295588e-10 5.70137671811 0.457657298028 5.298622782
7.374749499 7.00000049989 7.39976442769e-10 5.71789092677 0.450029380077 5.28210857334
7.41482965932 7.00000049989 7.03137419107e-10 5.73383848438 0.44195319649 5.26616101574
7.45490981964 7.00000049989 6.68551969413e-10 5.74919947144 0.433477481682 5.25080002867
7.49498997996 7.00000049989 6.36051468381e-10 5.76395913707 0.424651377161 5.23604036304
7.53507014028 7.00000049989 6.05481680897e-10 5.77810743992 0.415523173749 5.22189206019
7.5751503006 7.00000049989 5.76700950382e-10 5.79163902155 0.406140357233 5.20836047856
7.61523046092 7.00000049989 5.49579452609e-10 5.80455269247 0.396548865732 5.19544680765
7.65531062124 7.00000049989 5.23998122742e-10 5.81685118574 0.386792827358 5.18314831437
7.69539078156 7.00000049989 4.99847736129e-10 5.82854075349 0.376914277775 5.17145874662
7.73547094188 7.00000049989 4.77028125128e-10 5.83963069503 0.366952853254 5.16036880508
7.7755511022 7.00000049989 4.55447307169e-10 5.85013312981 0.35694568284 5.1498663703
7.81563126253 7.00000049989 4.35020872558e-10 5.8600623947 0.346927232588 5.13993710541
7.85571142285 7.00000049989 4.1567127806e-10 5.86943486352 0.33692925264 5.13056463659
7.89579158317 7.00000049989 3.9732725789e-10 5.87826846432 0.32698075263 5.12173103579
7.93587174349 7.00000049989 3.79923294754e-10 5.88658238058 0.317108033105 5.11341711953
7.97595190381 7.00000049989 3.63399080707e-10 5.89439677323 0.307334714425 5.10560272688
8.01603206413 7.00000049989 3.4769910056e-10 5.90173245826 0.2976818509 5.09826704186
8.05611222445 7.00000049989 3.32772162853e-10 5.90861066046 0.288167995096 5.09138883965
8.09619238477 7.00000049989 3.18571061131e-10 5.9150527961 0.278809354045 5.08494670402
8.13627254509 7.00000049989 3.05052192234e-10 5.921080281 0.269619900077 5.07891921912
8.17635270541 7.00000049989 2.92175260777e-10 5.92671435444 0.260611523071 5.07328514567
8.21643286573 7.00000049989 2.79902982614e-10 5.93197593461 0.251794180379 5.0680235655
8.25651302605 7.00000049989 2.68200823152e-10 5.93688550443 0.243176033929 5.06311399568
8.29659318637 7.00000049989 2.57036723108e-10 5.94146299324 0.234763624057 5.05853650687
8.33667334669 7.00000049989 2.46381032742e-10 5.94572776487 0.226561917784 5.05427173524
8.37675350701 7.00000049989 2.3620602029e-10 5.94969843045 0.218574631268 5.05030106966
8.41683366733 7.00000049989 2.26485977168e-10 5.95339292142 0.210804186049 5.04660657869
8.45691382766 7.00000049989 2.17196936205e-10 5.95682841841 0.203251920467 5.0431710817
8.49699398798 7.00000049989 2.08316532656e-10 5.96002131667 0.195918186286 5.03997818344
8.5370741483 7.00000049989 1.99823868877e-10 5.96298722798 0.188802475575 5.03701227213
8.57715430862 7.00000049989 1.91699397463e-10 5.96574097827 0.181903518236 5.03425852184
8.61723446894 7.00000049989 1.83924810859e-10 5.96829661495 0.17521937957 5.03170288517
8.65731462926 7.00000049989 1.76482927297e-10 5.9706674244 0.168747562208 5.02933207572
8.69739478958 7.00000049989 1.69357653598e-10 5.97286593502 0.162485038853 5.0271335651
8.7374749499 7.00000049989 1.62533894172e-10 5.97490393937 0.156428333828 5.02509556074
8.77755511022 7.00000049989 1.5599739331e-10 5.97679254649 0.150573666382 5.02320695362
8.81763527054 7.00000049989 1.49734631701e-10 5.97854217025 0.144917038877 5.02145732986
8.85771543086 7.00000049989 1.43732994067e-10 5.98016258746 0.139454090833 5.01983691266
8.89779559118 7.00000049989 1.37980535028e-10 5.98166294922 0.134180306108 5.01833655089
8.9378757515 7.00000049989 1.3246596041e-10 5.98305181556 0.129091024288 5.01694768455
8.97795591182 7.00000049989 1.27178600586e-10 5.98433718718 0.124181462365 5.01566231293
9.01803607214 7.00000049989 1.22108331841e-10 5.9855265295 0.119446783887 5.01447297061
9.05811623246 7.00000049989 1.17245583659e-10 5.98662680721 0.114882081147 5.0133726929
9.09819639279 7.00000049989 1.12581257536e-10 5.98764451039 0.110482450213 5.01235498972
9.13827655311 7.00000049989 1.08106732596e-10 5.98858568143 0.106242972907 5.01141381869
9.17835671343 7.00000049989 1.0381381404e-10 5.98945594496 0.102158760503 5.01054355515
9.21843687375 7.00000049989 9.96947126751e-11 5.99026053017 0.0982249626164 5.00973896995
9.25851703407 7.00000049989 9.57420261146e-11 5.99100429486 0.0944367747336 5.00899520525
9.29859719439 7.00000049989 9.19486854671e-11 5.9916917595 0.0907894847009 5.00830774061
9.33867735471 7.00000049989 8.83079749451e-11 5.99232711407 0.0872784373393 5.00767238605
9.37875751503 7.00000049989 8.48134998919e-11 5.99291424543 0.0838990566877 5.00708525468
9.41883767535 7.00000049989 8.14591444539e-11 5.99345676848 0.080646879862 5.00654273164
9.45891783567 7.00000049989 7.82390895832e-11 5.99395802485 0.0775175250342 5.00604147526
9.49899799599 7.00000049989 7.51477771824e-11 5.9944211148 0.0745067175004 5.00557838532
9.53907815631 7.00000049989 7.21798891541e-11 5.99484891857 0.0716102999968 5.00515058154
9.57915831663 7.00000049989 6.93303597193e-11 5.99524409228 0.0688242087847 5.00475540784
9.61923847695 7.00000049989 6.65943400241e-11 5.99560910191 0.0661444982817 5.0043903982
9.65931863727 7.00000049989 6.39671890028e-11 5.99594623515 0.0635673395809 5.00405326496
9.6993987976 7.00000049989 6.1444479563e-11 5.99625759825 0.0610890047873 5.00374190187
9.73947895792 7.00000049989 5.90219680563e-11 5.99654514858 0.0587058853609 5.00345435153
9.77955911824 7.00000049989 5.66955893727e-11 5.99681070158 0.0564144851201 5.00318879854
9.81963927856 7.00000049989 5.44614703445e-11 5.99705591528 0.0542114118028 5.00294358484
9.85971943888 7.00000049989 5.23158793875e-11 5.99728234995 0.0520933879801 5.00271715017
9.8997995992 7.00000049989 5.02552544159e-11 5.99749143336 0.0500572342641 5.00250806675
9.93987975952 7.00000049989 4.82761797959e-11 5.99768448886 0.0480998735788 5.00231501125
9.97995991984 7.00000049989 4.63753772651e-11 5.99786274801 0.0462183466546 5.00213675211
10.0200400802 7.00000049989 4.45497110925e-11 5.99802734338 0.0444098032251 5.00197215673
10.0601202405 7.00000049989 4.27961880776e-11 5.9981793086 0.0426715020262 5.00182019151
10.1002004008 7.00000049989 4.11119382778e-11 5.99831959837 0.0410007925309 5.00167990174
10.1402805611 7.00000049989 3.94941709195e-11 5.9984491343 0.0393950731639 5.00155036582
10.1803607214 7.00000049989 3.79402458178e-11 5.99856873065 0.0378518589895 5.00143076947
10.2204408818 7.00000049989 3.64476473329e-11 5.9986791215 0.0363687602702 5.00132037862
10.2605210421 7.00000049989 3.5013915052e-11 5.9987810339 0.0349434665915 5.00121846621
10.3006012024 7.00000049989 3.36367022884e-11 5.99887512611 0.03357375894 5.001124374
10.3406813627 7.00000049989 3.23137833745e-11 5.99896197989 0.0322575112086 5.00103752022
10.380761523 7.00000049989 3.10430075013e-11 5.999042147 0.0309926655037 5.00095735312
10.4208416834 7.00000049989 2.98222865762e-11 5.99911616126 0.0297772241899 5.00088333886
10.4609218437 7.00000049989 2.86496483577e-11 5.99918448591 0.0286092847 5.0008150142
10.501002004 7.00000049989 2.75232050775e-11 5.99924754375 0.0274870189173 5.00075195636
10.5410821643 7.00000049989 2.64411083753e-11 5.99930575709 0.0264086433549 5.00069374302
10.5811623246 7.00000049989 2.54016059203e-11 5.99935949755 0.0253724566242 5.00064000257
10.621242485 7.00000049989 2.44030385609e-11 5.99940908926 0.0243768380586 5.00059041085
10.6613226453 7.00000049989 2.34437560834e-11 5.9994548769 0.0234201870452 5.00054462322
10.7014028056 7.00000049989 2.2522220706e-11 5.99949714251 0.0225009978624 5.0005023576
10.7414829659 7.00000049989 2.16369472899e-11 5.9995361536 0.0216178164452 5.00046334652
10.7815631263 7.00000049989 2.07865124193e-11 5.99957215468 0.0207692460064 5.00042734543
10.8216432866 7.00000049989 1.99695312711e-11 5.99960538414 0.0199539287527 5.00039411597
10.8617234469 7.00000049989 1.91846865047e-11 5.99963605389 0.0191705692854 5.00036344622
10.9018036072 7.00000049989 1.84307112599e-11 5.99966436174 0.0184179212275 5.00033513837
10.9418837675 7.00000049989 1.77063887084e-11 5.99969049038 0.0176947859682 5.00030900973
10.9819639279 7.00000049989 1.70105587196e-11 5.99971459898 0.0170000156587 5.00028490113
11.0220440882 7.00000049989 1.63420960407e-11 5.99973684464 0.0163324997083 5.00026265548
11.0621242485 7.00000049989 1.56999118999e-11 5.99975737932 0.0156911648479 5.00024212079
11.1022044088 7.00000049989 1.50829585616e-11 5.99977634553 0.0150749779433 5.00022315458
11.1422845691 7.00000049989 1.44902536189e-11 5.99979385582 0.0144829628136 5.00020564429
11.1823647295 7.00000049989 1.39208477782e-11 5.99981001887 0.0139141771308 5.00018948124
11.2224448898 7.00000049989 1.33738308446e-11 5.99982493395 0.0133677163078 5.00017456617
11.2625250501 7.00000049989 1.2848320349e-11 5.99983869789 0.0128427051532 5.00016080222
11.3026052104 7.00000049989 1.23434677344e-11 5.99985140075 0.0123383018792 5.00014809937
11.3426853707 7.00000049989 1.18584569744e-11 5.99986312632 0.0118536967859 5.0001363738
11.3827655311 7.00000049989 1.13925071074e-11 5.99987395008 0.0113881137879 5.00012555004
11.4228456914 7.00000049989 1.09448702502e-11 5.99988394013 0.0109408086742 5.00011555998
11.4629258517 7.00000049989 1.05148258894e-11 5.99989316081 0.0105110646939 5.00010633931
11.503006012 7.00000049989 1.01016820024e-11 5.99990167145 0.0100981931476 5.00009782867
11.5430861723 7.00000049989 9.7047744991e-12 5.9999095264 0.00970153285595 5.00008997371
11.5831663327 7.00000049989 9.32346495055e-12 5.99991677629 0.00932044799247 5.00008272383
11.623246493 7.00000049989 8.95713985594e-12 5.99992346803 0.00895432738499 5.00007603209
11.6633266533 7.00000049989 8.6052104706e-12 5.99992964427 0.00860258435176 5.00006985584
11.7034068136 7.00000049989 8.26711074967e-12 5.99993534468 0.0082646547412 5.00006415543
11.7434869739 7.00000049989 7.94229638811e-12 5.99994060618 0.00793999601175 5.00005889393
11.7835671343 7.00000049989 7.63024537445e-12 5.99994546245 0.00762808759718 5.00005403767
11.8236472946 7.00000049989 7.33045632364e-12 5.99994994454 0.00732842937283 5.00004955557
11.8637274549 7.00000049989 7.04244700415e-12 5.99995408145 0.00704054028706 5.00004541867
11.9038076152 7.00000049989 6.76575455287e-12 5.99995789968 0.00676395850898 5.00004160043
11.9438877756 7.00000049989 6.49993485187e-12 5.99996142339 0.00649824081431 5.00003807672
11.9839679359 7.00000049989 6.24456036687e-12 5.99996467536 0.0062429605141 5.00003482475
12.0240480962 7.00000049989 5.99921983536e-12 5.99996767689 0.0059977071356 5.00003182322
12.0641282565 7.00000049989 5.76351796829e-12 5.99997044778 0.00576208611172 5.00002905234
12.1042084168 7.00000049989 5.53707739866e-12 5.9999730051 0.00553572058213 5.00002649502
12.1442885772 7.00000049989 5.3195343992e-12 5.99997536519 0.0053182473384 5.00002413492
12.1843687375 7.00000049989 5.11053893722e-12 5.99997754341 0.00510931684527 5.00002195671
12.2244488978 7.00000049989 4.90975424392e-12 5.99997955411 0.00490859280612 5.000019946
12.2645290581 7.00000049989 4.71685821939e-12 5.99998141002 0.00471575347682 5.00001809009
12.3046092184 7.00000049989 4.53154157002e-12 5.99998312277 0.00453048987247 5.00001637734
12.3446893788 7.00000049989 4.35350628217e-12 5.99998470347 0.00435250429395 5.00001479664
12.3847695391 7.00000049989 4.18246565553e-12 5.99998616249 0.00418151033747 5.00001333762
12.4248496994 7.00000049989 4.0181445131e-12 5.99998750935 0.00401723308637 5.00001199077
12.4649298597 7.00000049989 3.8602798272e-12 5.99998875233 0.00385940970561 5.00001074778
12.50501002 7.00000049989 3.70861787032e-12 5.99998989945 0.00370778667199 5.00000960066
12.5450901804 7.00000049989 3.56291455478e-12 5.9999909582 0.0035621200914 5.00000854191
12.5851703407 7.00000049989 3.42293512923e-12 5.99999193557 0.00342217539471 5.00000756455
12.625250501 7.00000049989 3.28845539822e-12 5.99999283763 0.00328772851892 5.00000666249
12.6653306613 7.00000049989 3.15925953057e-12 5.99999367011 0.00315856376234 5.00000583001
12.7054108216 7.00000049989 3.03513972908e-12 5.99999443842 0.00303447345453 5.0000050617
12.745490982 7.00000049989 2.9158962075e-12 5.99999514759 0.0029152579273 5.00000435253
12.7855711423 7.00000049989 2.80133706364e-12 5.99999580226 0.00280072538569 5.00000369786
12.8256513026 7.00000049989 2.69127914003e-12 5.99999640641 0.00269069275055 5.00000309371
12.8657314629 7.00000049989 2.58554543411e-12 5.99999696397 0.00258498310647 5.00000253615
12.9058116232 7.00000049989 2.48396571995e-12 5.99999747859 0.0024834263093 5.00000202152
12.9458917836 7.00000049989 2.38637646315e-12 5.99999795366 0.00238585889974 5.00000154646
12.9859719439 7.00000049989 2.29262144483e-12 5.9999983921 0.00229212471784 5.00000110801
13.0260521042 7.00000049989 2.20255004703e-12 5.99999879675 0.00220207320552 5.00000070336
13.0661322645 7.00000049989 2.11601743047e-12 5.99999917022 0.00211555957983 5.0000003299
13.1062124248 7.00000049989 2.03288437765e-12 5.99999951493 0.00203244467522 4.99999998518
13.1462925852 7.00000049989 1.95301710268e-12 5.99999983314 0.00195259475346 4.99999966698
13.1863727455 7.00000049989 1.87628720481e-12 6.00000012693 0.00187588146123 4.99999937318
13.2264529058 7.00000049989 1.80257138976e-12 6.00000039822 0.00180218154589 4.99999910189
13.2665330661 7.00000049989 1.73175135622e-12 6.00000064872 0.00173137674125 4.9999988514
13.3066132265 7.00000049989 1.66371372183e-12 6.00000087994 0.001663353693 4.99999862017
13.3466933868 7.00000049989 1.59834993132e-12 6.0000010932 0.00159800386548 4.99999840692
13.3867735471 7.00000049989 1.53555462035e-12 6.00000128993 0.00153522193037 4.99999821018
13.4268537074 7.00000049989 1.4752263065e-12 6.00000147157 0.00147490644342 4.99999802854
13.4669338677 7.00000049989 1.41726807558e-12 6.00000163926 0.00141696051667 4.99999786085
13.5070140281 7.00000049989 1.36158689712e-12 6.00000179406 0.00136129114299 4.99999770606
13.5470941884 7.00000049989 1.30809351073e-12 6.00000193688 0.0013078090821 4.99999756323
13.5871743487 7.00000049989 1.25670200595e-12 6.00000206864 0.00125642844477 4.99999743148
13.627254509 7.00000049989 1.20732950272e-12 6.00000219026 0.00120706637623 4.99999730986
13.6673346693 7.00000049989 1.15989665276e-12 6.00000230252 0.00115964354794 4.99999719759
13.7074148297 7.00000049989 1.11432725574e-12 6.00000240614 0.00111408377778 4.99999709397
13.74749499 7.00000049989 1.07054814889e-12 6.00000250178 0.0010703139197 4.99999699833
13.7875751503 7.00000049989 1.02848904862e-12 6.00000259003 0.00102826370583 4.99999691008
13.8276553106 7.00000049989 9.88082259101e-13 6.00000267148 0.000987865457045 4.99999682863
13.8677354709 7.00000049989 9.49262857944e-13 6.00000274667 0.0009490542656 4.99999675344
13.9078156313 7.00000049989 9.11968518725e-13 6.00000281607 0.000911767818445 4.99999668404
13.9478957916 7.00000049989 8.76139409194e-13 6.00000288013 0.000875946295587 4.99999661998
13.9879759519 7.00000049989 8.41718085702e-13 6.00000293924 0.000841532264659 4.99999656087
14.0280561122 7.00000049989 8.08649143231e-13 6.0000029938 0.000808470333473 4.99999650632
14.0681362725 7.00000049989 7.76879403022e-13 6.00000304415 0.000776707335108 4.99999645596
14.1082164329 7.00000049989 7.46357817597e-13 6.00000309064 0.000746192233107 4.99999640948
14.1482965932 7.00000049989 7.17035345779e-13 6.00000313354 0.00071687599701 4.99999636658
14.1883767535 7.00000049989 6.88864877329e-13 6.00000317313 0.000688711527047 4.99999632698
14.2284569138 7.00000049989 6.61801134912e-13 6.00000320967 0.000661653555263 4.99999629044
14.2685370741 7.00000049989 6.35800619696e-13 6.0000032434 0.000635658591576 4.99999625672
14.3086172345 7.00000049989 6.10821561949e-13 6.00000327453 0.000610684874865 4.99999622558
14.3486973948 7.00000049989 5.86823851173e-13 6.00000330327 0.000586692302749 4.99999619685
14.3887775551 7.00000049989 5.63768980296e-13 6.00000332979 0.000563642375749 4.99999617033
14.4288577154 7.00000049989 5.41619903476e-13 6.00000335426 0.000541498055584 4.99999614585
14.4689378758 7.00000049989 5.20340937283e-13 6.00000337686 0.00052022366661 4.99999612326
14.5090180361 7.00000049989 4.99897895718e-13 6.00000339772 0.00049978502974 4.99999610239
14.5490981964 7.00000049989 4.80257957367e-13 6.00000341698 0.000480149330077 4.99999608313
14.5891783567 7.00000049989 4.61389620074e-13 6.00000343476 0.000461285071584 4.99999606535
14.629258517 7.00000049989 4.43262660371e-13 6.00000345117 0.00044316203649 4.99999604895
14.6693386774 7.00000049989 4.25848021629e-13 6.0000034663 0.000425751173719 4.99999603382
14.7094188377 7.00000049989 4.09117565872e-13 6.00000348026 0.000409024351576 4.99999601985
14.749498998 7.00000049989 3.9304439056e-13 6.00000349316 0.000392954673043 4.99999600696
14.7895791583 7.00000049989 3.77602671656e-13 6.00000350506 0.000377516319346 4.99999599506
14.8296593186 7.00000049989 3.62767609676e-13 6.00000351605 0.000362684496095 4.99999598407
14.869739479 7.00000049989 3.48515394926e-13 6.00000352619 0.000348435398528 4.99999597393
14.9098196393 7.00000049989 3.34823162478e-13 6.00000353554 0.000334746166477 4.99999596458
14.9498997996 7.00000049989 3.21668847591e-13 6.00000354417 0.000321594739545 4.99999595594
14.9899799599 7.00000049989 3.09031290846e-13 6.00000355214 0.000308959962541 4.99999594797
15.0300601202 7.00000049989 2.96890190741e-13 6.0000035595 0.000296821538038 4.99999594061
15.0701402806 7.00000049989 2.8522605659e-13 6.0000035663 0.000285159979229 4.99999593382
15.1102204409 7.00000049989 2.7402018255e-13 6.00000357257 0.000273956583943 4.99999592755
15.1503006012 7.00000049989 2.63254620725e-13 6.00000357835 0.000263193407753 4.99999592177
15.1903807615 7.00000049989 2.52912028455e-13 6.00000358369 0.000252853111588 4.99999591643
15.2304609218 7.00000049989 2.42975742946e-13 6.00000358861 0.000242919036115 4.9999959115
15.2705410822 7.00000049989 2.33429802811e-13 6.00000359316 0.000233375223166 4.99999590695
15.3106212425 7.00000049989 2.24258882072e-13 6.00000359736 0.000224206349859 4.99999590275
15.3507014028 7.00000049989 2.15448269029e-13 6.00000360124 0.00021539770747 4.99999589888
15.3907815631 7.00000049989 2.06983846735e-13 6.00000360481 0.000206935181913 4.9999958953
15.4308617234 7.00000049989 1.98852010108e-13 6.00000360811 0.000198805170876 4.999995892
15.4709418838 7.00000049989 1.91039641647e-13 6.00000361116 0.000190994559548 4.99999588896
15.5110220441 7.00000049989 1.83534187528e-13 6.00000361397 0.000183490796687 4.99999588615
15.5511022044 7.00000049989 1.76323590971e-13 6.00000361656 0.000176281828006 4.99999588355
15.5911823647 7.00000049989 1.69396275032e-13 6.00000361896 0.000169356078974 4.99999588115
15.6312625251 7.00000049989 1.62741126718e-13 6.00000362117 0.000162702438931 4.99999587894
15.6713426854 7.00000049989 1.56347461605e-13 6.00000362321 0.000156310225687 4.9999958769
15.7114228457 7.00000049989 1.50204970277e-13 6.00000362509 0.000150169131895 4.99999587502
15.751503006 7.00000049989 1.44303780804e-13 6.00000362683 0.000144269287654 4.99999587328
15.7915831663 7.00000049989 1.38634416172e-13 6.00000362843 0.000138601217893 4.99999587168
15.8316633267 7.00000049989 1.33187779012e-13 6.00000362992 0.000133155827094 4.9999958702
15.871743487 7.00000049989 1.27955139647e-13 6.00000363128 0.00012792438734 4.99999586883
15.9118236473 7.00000049989 1.22928077181e-13 6.00000363254 0.000122898479423 4.99999586757
15.9519038076 7.00000049989 1.18098576476e-13 6.00000363371 0.000118070089957 4.99999586641
15.9919839679 7.00000049989 1.13458789238e-13 6.00000363478 0.000113431372285 4.99999586533
16.0320641283 7.00000049989 1.09001272119e-13 6.00000363577 0.000108974884619 4.99999586434
16.0721442886 7.00000049989 1.04718872876e-13 6.00000363669 0.000104693476228 4.99999586342
16.1122244489 7.00000049989 1.00604722908e-13 6.00000363753 0.000100580279971 4.99999586258
16.1523046092 7.00000049989 9.66522272729e-14 6.00000363831 9.66287023207e-05 4.9999958618
16.1923847695 7.00000049989 9.28550025338e-14 6.00000363903 9.28323611431e-05 4.99999586108
16.2324649299 7.00000049989 8.92069292025e-14 6.0000036397 8.91851382201e-05 4.99999586042
16.2725450902 7.00000049989 8.57021492092e-14 6.00000364031 8.56811767275e-05 4.9999958598
16.3126252505 7.00000049989 8.23350414284e-14 6.00000364088 8.23148567446e-05 4.99999585923
16.3527054108 7.00000049989 7.91002135018e-14 6.00000364141 7.90807870802e-05 4.99999585871
16.3927855711 7.00000049989 7.59924936612e-14 6.00000364189 7.59737970977e-05 4.99999585822
16.4328657315 7.00000049989 7.3006922551e-14 6.00000364234 7.29889285415e-05 4.99999585778
16.4729458918 7.00000049989 7.01386996036e-14 6.00000364275 7.01213818521e-05 4.99999585737
16.5130260521 7.00000049989 6.73831868122e-14 6.00000364313 6.73665199589e-05 4.99999585699
16.5531062124 7.00000049989 6.4735958513e-14 6.00000364348 6.47199181443e-05 4.99999585664
16.5931863727 7.00000049989 6.21927581062e-14 6.0000036438 6.217732072e-05 4.99999585632
16.6332665331 7.00000049989 5.97494890462e-14 6.0000036441 5.97346320188e-05 4.99999585602
16.6733466934 7.00000049989 5.74022058391e-14 6.00000364437 5.73879073937e-05 4.99999585574
16.7134268537 7.00000049989 5.51471050405e-14 6.00000364463 5.51333442179e-05 4.99999585549
16.753507014 7.00000049989 5.29805542986e-14 6.00000364486 5.29673109236e-05 4.99999585525
16.7935871743 7.00000049989 5.0899152618e-14 6.00000364508 5.08864072576e-05 4.99999585504
16.8336673347 7.00000049989 4.8899562133e-14 6.00000364527 4.88872960801e-05 4.99999585484
16.873747495 7.00000049989 4.69785632268e-14 6.00000364546 4.6966758476e-05 4.99999585466
16.9138276553 7.00000049989 4.51330524569e-14 6.00000364563 4.51216916811e-05 4.99999585449
16.9539078156 7.00000049989 4.33600349571e-14 6.00000364578 4.33491014858e-05 4.99999585433
16.993987976 7.00000049989 4.16566168398e-14 6.00000364593 4.16460946391e-05 4.99999585419
17.0340681363 7.00000049989 4.00200160838e-14 6.00000364606 4.00098897329e-05 4.99999585405
17.0741482966 7.00000049989 3.84477036994e-14 6.00000364618 3.84379583332e-05 4.99999585393
17.1142284569 7.00000049989 3.69371863616e-14 6.0000036463 3.69278076654e-05 4.99999585382
17.1543086172 7.00000049989 3.54860375434e-14 6.0000036464 3.54770117403e-05 4.99999585371
17.1943887776 7.00000049989 3.40919196948e-14 6.0000036465 3.4083233527e-05 4.99999585361
17.2344689379 7.00000049989 3.27525785919e-14 6.00000364659 3.27442193034e-05 4.99999585353
17.2745490982 7.00000049989 3.14658376863e-14 6.00000364667 3.14577930063e-05 4.99999585344
17.3146292585 7.00000049989 3.02295938947e-14 6.00000364675 3.02218520226e-05 4.99999585337
17.3547094188 7.00000049989 2.90419050725e-14 6.00000364682 2.90344546405e-05 4.9999958533
17.3947895792 7.00000049989 2.79009063311e-14 6.00000364688 2.78937363874e-05 4.99999585323
17.4348697395 7.00000049989 2.6804764247e-14 6.00000364694 2.67978642499e-05 4.99999585317
17.4749498998 7.00000049989 2.57517118934e-14 6.000003647 2.57450716961e-05 4.99999585312
17.5150300601 7.00000049989 2.47400444956e-14 6.00000364705 2.47336543324e-05 4.99999585307
17.5551102204 7.00000049989 2.37681150872e-14 6.00000364709 2.37619655604e-05 4.99999585302
17.5951903808 7.00000049989 2.2834330166e-14 6.00000364714 2.28284122331e-05 4.99999585298
17.6352705411 7.00000049989 2.19371939214e-14 6.00000364718 2.19314988782e-05 4.99999585294
17.6753507014 7.00000049989 2.10753231978e-14 6.00000364721 2.10698426599e-05 4.9999958529
17.7154308617 7.00000049989 2.0247334211e-14 6.00000364725 2.02420601081e-05 4.99999585286
17.755511022 7.00000049989 1.94518930965e-14 6.00000364728 1.9446817662e-05 4.99999585283
17.7955911824 7.00000049989 1.8687713632e-14 6.00000364731 1.86828293925e-05 4.9999958528
17.8356713427 7.00000049989 1.79535540459e-14 6.00000364734 1.79488538119e-05 4.99999585278
17.875751503 7.00000049989 1.72482138266e-14 6.00000364736 1.72436906834e-05 4.99999585275
17.9158316633 7.00000049989 1.65705495764e-14 6.00000364738 1.65661968716e-05 4.99999585273
17.9559118236 7.00000049989 1.59195341272e-14 6.0000036474 1.59153454447e-05 4.99999585271
17.995991984 7.00000049989 1.52941306845e-14 6.00000364742 1.52900998468e-05 4.99999585269
18.0360721443 7.00000049989 1.46933319002e-14 6.00000364744 1.46894529625e-05 4.99999585267
18.0761523046 7.00000049989 1.41161651874e-14 6.00000364746 1.41124324292e-05 4.99999585266
18.1162324649 7.00000049989 1.35616901316e-14 6.00000364747 1.35580980502e-05 4.99999585264
18.1563126253 7.00000049989 1.30289959023e-14 6.00000364749 1.30255392058e-05 4.99999585263
18.1963927856 7.00000049989 1.2517198665e-14 6.0000036475 1.25138722663e-05 4.99999585261
18.2364729459 7.00000049989 1.20254389923e-14 6.00000364751 1.20222380037e-05 4.9999958526
18.2765531062 7.00000049989 1.15529370238e-14 6.00000364752 1.15498567396e-05 4.99999585259
18.3166332665 7.00000049989 1.10990096492e-14 6.00000364753 1.10960455249e-05 4.99999585258
18.3567134269 7.00000049989 1.06629306437e-14 6.00000364754 1.06600783047e-05 4.99999585257
18.3967935872 7.00000049989 1.02439989795e-14 6.00000364755 1.02412542154e-05 4.99999585256
18.4368737475 7.00000049989 9.84153842779e-15 6.00000364756 9.83889718662e-06 4.99999585255
18.4769539078 7.00000049989 9.45489580571e-15 6.00000364757 9.45235418856e-06 4.99999585255
18.5170340681 7.00000049989 9.0834392236e-15 6.00000364757 9.08099347971e-06 4.99999585254
18.5571142285 7.00000049989 8.72655633213e-15 6.00000364758 8.72420285423e-06 4.99999585253
18.5971943888 7.00000049989 8.38365322079e-15 6.00000364759 8.38138854072e-06 4.99999585253
18.6372745491 7.00000049989 8.0542084847e-15 6.00000364759 8.05202925966e-06 4.99999585252
18.6773547094 7.00000049989 7.73772235847e-15 6.0000036476 7.73562536614e-06 4.99999585252
18.7174348697 7.00000049989 7.43368755359e-15 6.0000036476 7.43166969247e-06 4.99999585251
18.7575150301 7.00000049989 7.14161485818e-15 6.00000364761 7.13967314346e-06 4.99999585251
18.7975951904 7.00000049989 6.86103186357e-15 6.00000364761 6.85916342331e-06 4.9999958525
18.8376753507 7.00000049989 6.591481691e-15 6.00000364761 6.58968376257e-06 4.9999958525
18.877755511 7.00000049989 6.33252171828e-15 6.00000364762 6.33079164504e-06 4.9999958525
18.9178356713 7.00000049989 6.0837223064e-15 6.00000364762 6.0820575347e-06 4.99999585249
18.9579158317 7.00000049989 5.84467049355e-15 6.00000364762 5.84306856888e-06 4.99999585249
18.997995992 7.00000049989 5.61501496255e-15 6.00000364762 5.61347351589e-06 4.99999585249
19.0380761523 7.00000049989 5.39439744395e-15 6.00000364763 5.39291419303e-06 4.99999585249
19.0781563126 7.00000049989 5.18246263533e-15 6.00000364763 5.18103538384e-06 4.99999585248
19.1182364729 7.00000049989 4.97886748426e-15 6.00000364763 4.97749411896e-06 4.99999585248
19.1583166333 7.00000049989 4.78328027864e-15 6.00000364763 4.78195876663e-06 4.99999585248
19.1983967936 7.00000049989 4.59537973691e-15 6.00000364764 4.59410812319e-06 4.99999585248
19.2384769539 7.00000049989 4.41485409838e-15 6.00000364764 4.41363050348e-06 4.99999585248
19.2785571142 7.00000049989 4.24140021345e-15 6.00000364764 4.24022283137e-06 4.99999585248
19.3186372745 7.00000049989 4.07473477156e-15 6.00000364764 4.07360186537e-06 4.99999585247
19.3587174349 7.00000049989 3.914620113e-15 6.00000364764 3.91353000517e-06 4.99999585247
19.3987975952 7.00000049989 3.76080233737e-15 6.00000364764 3.75975341278e-06 4.99999585247
19.4388777555 7.00000049989 3.61303424329e-15 6.00000364764 3.61202494752e-06 4.99999585247
19.4789579158 7.00000049989 3.47107748222e-15 6.00000364764 3.47010631944e-06 4.99999585247
19.5190380762 7.00000049989 3.33470195265e-15 6.00000364764 3.33376748365e-06 4.99999585247
19.5591182365 7.00000049989 3.20368519439e-15 6.00000364765 3.2027860347e-06 4.99999585247
19.5991983968 7.00000049989 3.07781178272e-15 6.00000364765 3.07694660089e-06 4.99999585247
19.6392785571 7.00000049989 2.95687272268e-15 6.00000364765 2.95604023871e-06 4.99999585247
19.6793587174 7.00000049989 2.84057026505e-15 6.00000364765 2.8397692707e-06 4.99999585247
19.7194388778 7.00000049989 2.728999978e-15 6.00000364765 2.72822924814e-06 4.99999585247
19.7595190381 7.00000049989 2.62179823099e-15 6.00000364765 2.62105662689e-06 4.99999585246
19.7995991984 7.00000049989 2.51880132247e-15 6.00000364765 2.51808774655e-06 4.99999585246
19.8396793587 7.00000049989 2.4198489175e-15 6.00000364765 2.41916231245e-06 4.99999585246
19.879759519 7.00000049989 2.32478404765e-15 6.00000364765 2.32412339561e-06 4.99999585246
19.9198396794 7.00000049989 2.23345311106e-15 6.00000364765 2.23281743278e-06 4.99999585246
19.9599198397 7.00000049989 2.1457058724e-15 6.00000364765 2.1450942264e-06 4.99999585246
20.0 7.00000049989 2.06139607831e-15 6.00000364765 2.06080755988e-06 4.99999585246
