0.0 1.0 0.001 5.0 0.001 9.0
0.0400801603206 1.00000009452 0.00117389487887 5.0 0.00117389487887 8.99999990548
0.0801603206413 1.00000022476 0.00137801996931 5.0 0.00137801996931 8.99999977524
0.120240480962 1.00000040426 0.0016176473714 5.0 0.0016176473714 8.99999959574
0.160320641283 1.00000065156 0.0018989343541 5.0 0.0018989343541 8.99999934844
0.200400801603 1.00000099236 0.00222913401325 5.0 0.00222913401325 8.99999900764
0.240480961924 1.000001462 0.00261675534603 5.0 0.00261675534603 8.999998538
0.280561122244 1.00000210918 0.00307177908366 5.0 0.00307177908366 8.99999789082
0.320641282565 1.00000300104 0.00360592729985 5.0 0.00360592729985 8.99999699896
0.360721442886 1.00000422987 0.00423294897678 5.0 0.00423294897678 8.99999577013
0.400801603206 1.00000592322 0.0049690018071 5.0 0.0049690018071 8.99999407678
0.440881763527 1.00000825678 0.00583304894506 5.0 0.00583304894506 8.99999174322
0.480961923848 1.00001147247 0.00684734302843 5.0 0.00684734302843 8.99998852753
0.521042084168 1.00001590382 0.00803800842254 5.0 0.00803800842254 8.99998409618
0.561122244489 1.00002201016 0.00943571265352 5.0 0.00943571265352 8.99997798984
0.60120240481 1.00003042499 0.0110764573554 5.0 0.0110764573554 8.99996957501
0.64128256513 1.00004202037 0.0130024976666 5.0 0.0130024976666 8.99995797963
0.681362725451 1.00005799787 0.0152634275158 5.0 0.0152634275158 8.99994200213
0.721442885772 1.00008001548 0.0179174924058 5.0 0.0179174924058 8.99991998452
0.761523046092 1.00011035576 0.0210330386841 5.0 0.0210330386841 8.99988964424
0.801603206413 1.00015216615 0.0246902955666 5.0 0.0246902955666 8.99984783385
0.841683366733 1.00020977958 0.0289834180059 5.0 0.0289834180059 8.99979022042
0.881763527054 1.000289169 0.0340229300624 5.0 0.0340229300624 8.999710831
0.921843687375 1.00039856889 0.0399385458313 5.0 0.0399385458313 8.99960143111
0.961923847695 1.00054931761 0.0468824739449 5.0 0.0468824739449 8.99945068239
1.00200400802 1.000757037 0.0550333140831 5.0 0.0550333140831 8.999242963
1.04208416834 1.00104326535 0.0646006045559 5.0 0.0646006045559 8.99895673465
1.08216432866 1.00143766038 0.0758300986652 5.0 0.0758300986652 8.99856233962
1.12224448898 1.00198106187 0.0890099440316 5.0 0.0890099440316 8.99801893813
1.1623246493 1.00272976692 0.104477869233 5.0 0.104477869233 8.99727023308
1.20240480962 1.0037612776 0.122629432036 5.0 0.122629432036 8.9962387224
1.24248496994 1.00518222935 0.143927546539 5.0 0.143927546539 8.99481777065
1.28256513026 1.00713951048 0.168913350874 5.0 0.168913350874 8.99286048952
1.32264529058 1.00983515377 0.198218342974 5.0 0.198218342974 8.99016484623
1.3627254509 1.01354668088 0.232577865865 5.0 0.232577865865 8.98645331912
1.40280561122 1.0186555791 0.27284548563 5.0 0.27284548563 8.9813444209
1.44288577154 1.02568514607 0.32000757584 5.0 0.32000757584 8.97431485393
1.48296593186 1.03535140315 0.37519724574 5.0 0.37519724574 8.96464859685
1.52304609218 1.04863311013 0.439704556652 5.0 0.439704556652 8.95136688987
1.56312625251 1.06686242897 0.514980086045 5.0 0.514980086045 8.93313757103
1.60320641283 1.09184648196 0.602624148056 5.0 0.602624148056 8.90815351804
1.64328657315 1.12601751082 0.704355338606 5.0 0.704355338606 8.87398248918
1.68336673347 1.17262435833 0.821939459029 5.0 0.821939459029 8.82737564167
1.72344689379 1.23595215977 0.957057310876 5.0 0.957057310876 8.76404784023
1.76352705411 1.32155766944 1.11108928481 5.0 1.11108928481 8.67844233056
1.80360721443 1.43647585686 1.28477226641 5.0 1.28477226641 8.56352414314
1.84368737475 1.58931345236 1.4777016151 5.0 1.4777016151 8.41068654764
1.88376753507 1.79007831904 1.68766094307 5.0 1.68766094307 8.20992168096
1.92384769539 2.04955333596 1.90982649522 5.0 1.90982649522 7.95044666404
1.96392785571 2.37795954237 2.13599302553 5.0 2.13599302553 7.62204045763
2.00400801603 2.78276982578 2.35413825355 5.0 2.35413825355 7.21723017422
2.04408817635 3.26581442992 2.54878854049 5.0 2.54878854049 6.73418557008
2.08416833667 3.82036503695 2.70263710161 5.0 2.70263710161 6.17963496305
2.12424849699 4.42946526414 2.79950924354 5.0 2.79950924354 5.57053473586
2.16432865731 5.06682369397 2.82803117868 5.0 2.82803117868 4.93317630603
2.20440881764 5.700803357 2.78467646759 5.0 2.78467646759 4.299196643
2.24448897796 6.30042556601 2.67477716584 5.0 2.67477716584 3.69957443399
2.28456913828 6.84111998732 2.51100222577 5.0 2.51100222577 3.15888001268
2.3246492986 7.30809021972 2.31005761159 5.0 2.31005761159 2.69190978028
2.36472945892 7.69659438296 2.08906756493 5.0 2.08906756493 2.30340561704
2.40480961924 8.00989175147 1.86287261779 5.0 1.86287261779 1.99010824853
2.44488977956 8.25624588103 1.64269597567 5.0 1.64269597567 1.74375411897
2.48496993988 8.44614624564 1.43598570558 5.0 1.43598570558 1.55385375436
2.5250501002 8.59029750459 1.24695514791 5.0 1.24695514791 1.40970249541
2.56513026052 8.69844997128 1.07737985332 5.0 1.07737985332 1.30155002872
2.60521042084 8.77888446598 0.927377295266 5.0 0.927377295266 1.22111553402
2.64529058116 8.838314733 0.796041035986 5.0 0.796041035986 1.161685267
2.68537074148 8.88201416561 0.681904571025 5.0 0.681904571025 1.11798583439
2.7254509018 8.91403246814 0.583254184131 5.0 0.583254184131 1.08596753186
2.76553106212 8.93743102087 0.498326108581 5.0 0.498326108581 1.06256897913
2.80561122244 8.95449781325 0.425422114324 5.0 0.425422114324 1.04550218675
2.84569138277 8.9669289462 0.362970969897 5.0 0.362970969897 1.0330710538
2.88577154309 8.97597440045 0.309555393712 5.0 0.309555393712 1.02402559955
2.92585170341 8.98255142672 0.263918591894 5.0 0.263918591894 1.01744857328
2.96593186373 8.98733106702 0.224959100942 5.0 0.224959100942 1.01266893298
3.00601202405 8.9908031603 0.191719334238 5.0 0.191719334238 1.0091968397
3.04609218437 8.99332469368 0.163371588267 5.0 0.163371588267 1.00667530632
3.08617234469 8.9951555347 0.139203318263 5.0 0.139203318263 1.0048444653
3.12625250501 8.99648473622 0.118602930881 5.0 0.118602930881 1.00351526378
3.16633266533 8.99744958634 0.101046528984 5.0 0.101046528984 1.00255041366
3.20641282565 8.99814991201 0.0860860924798 5.0 0.0860860924798 1.00185008799
3.24649298597 8.99865819906 0.0733388608469 5.0 0.0733388608469 1.00134180094
3.28657314629 8.99902709447 0.0624780895794 5.0 0.0624780895794 1.00097290553
3.32665330661 8.99929481741 0.0532250198175 5.0 0.0532250198175 1.00070518259
3.36673346693 8.99948911128 0.0453419231106 5.0 0.0453419231106 1.00051088872
3.40681362725 8.99963011685 0.0386261236185 5.0 0.0386261236185 1.00036988315
3.44689378758 8.99973246564 0.0329048652095 5.0 0.0329048652095 1.00026753436
3.4869739479 8.9998067325 0.0280309390129 5.0 0.0280309390129 1.0001932675
3.52705410822 8.99986062591 0.0238788887502 5.0 0.0238788887502 1.00013937409
3.56713426854 8.99989973803 0.0203418170012 5.0 0.0203418170012 1.00010026197
3.60721442886 8.99992812224 0.0173286507217 5.0 0.0173286507217 1.00007187776
3.64729458918 8.99994871952 0.0147618020407 5.0 0.0147618020407 1.00005128048
3.6873747495 8.99996366597 0.0125751658855 5.0 0.0125751658855 1.00003633403
3.72745490982 8.9999745129 0.0107124254762 5.0 0.0107124254762 1.0000254871
3.76753507014 8.9999823847 0.00912560602649 5.0 0.0091256060265 1.0000176153
3.80761523046 8.99998809686 0.00777383878958 5.0 0.00777383878958 1.00001190314
3.84769539078 8.99999224191 0.00662230664512 5.0 0.00662230664512 1.00000775809
3.8877755511 8.99999525006 0.00564134881121 5.0 0.00564134881121 1.00000474994
3.92785571142 8.99999743312 0.00480569880023 5.0 0.00480569880023 1.00000256688
3.96793587174 8.99999901723 0.00409383314242 5.0 0.00409383314242 1.00000098277
4.00801603206 9.00000016676 0.00348741580616 5.0 0.00348741580616 0.999999833237
4.04809619238 9.000001001 0.00297082644517 5.0 0.00297082644517 0.999998999
4.08817635271 9.00000160642 0.00253075897694 5.0 0.00253075897694 0.999998393584
4.12825651303 9.00000204586 0.00215587767246 5.0 0.00215587767246 0.999997954138
4.16833667335 9.00000236476 0.00183652789401 5.0 0.00183652789401 0.999997635237
4.20841683367 9.0000025962 0.00156448339413 5.0 0.00156448339413 0.999997403802
4.24849699399 9.00000276412 0.0013327372376 5.0 0.0013327372376 0.999997235884
4.28857715431 9.00000288598 0.00113531930351 5.0 0.00113531930351 0.999997114016
4.32865731463 9.00000297444 0.000967144383758 5.0 0.000967144383758 0.999997025564
4.36873747495 9.0000030386 0.00082388184033 5.0 0.00082388184033 0.999996961396
4.40881763527 9.00000308518 0.000701840591886 5.0 0.000701840591886 0.999996914823
4.44889779559 9.00000311898 0.000597876930112 5.0 0.000597876930112 0.999996881021
4.48897795591 9.0000031435 0.000509313679828 5.0 0.000509313679828 0.999996856499
4.52905811623 9.0000031613 0.000433869201963 5.0 0.000433869201963 0.999996838701
4.56913827655 9.00000317422 0.000369600167355 5.0 0.000369600167355 0.999996825781
4.60921843687 9.00000318359 0.000314851468874 5.0 0.000314851468874 0.999996816409
4.64929859719 9.00000319039 0.000268212574166 5.0 0.000268212574166 0.999996809607
4.68937875752 9.00000319533 0.000228482305926 5.0 0.000228482305926 0.99999680467
4.72945891784 9.00000319891 0.000194637339047 5.0 0.000194637339047 0.999996801089
4.76953907816 9.00000320151 0.000165805725085 5.0 0.000165805725085 0.999996798489
4.80961923848 9.0000032034 0.000141244973883 5.0 0.000141244973883 0.999996796603
4.8496993988 9.00000320477 0.000120322420485 5.0 0.000120322420485 0.999996795234
4.88977955912 9.00000320576 0.00010249906679 5.0 0.00010249906679 0.99999679424
4.92985971944 9.00000320648 8.7315923119e-05 5.0 8.7315923119e-05 0.999996793519
4.96993987976 9.000003207 7.43818165628e-05 5.0 7.43818165628e-05 0.999996792996
5.01002004008 9.00000320739 6.3363357819e-05 5.0 6.3363357819e-05 0.999996792615
5.0501002004 9.00000320766 5.39773887734e-05 5.0 5.39773887734e-05 0.999996792339
5.09018036072 9.00000320786 4.59821655292e-05 5.0 4.59821655293e-05 0.999996792139
5.13026052104 9.00000320801 3.91711300867e-05 5.0 3.91711300867e-05 0.999996791994
5.17034068136 9.00000320811 3.33692205342e-05 5.0 3.33692205342e-05 0.999996791889
5.21042084168 9.00000320819 2.84262142437e-05 5.0 2.84262142437e-05 0.999996791813
5.250501002 9.00000320824 2.42155280463e-05 5.0 2.42155280463e-05 0.999996791758
5.29058116232 9.00000320828 2.06284247099e-05 5.0 2.06284247099e-05 0.999996791718
5.33066132265 9.00000320831 1.75728487475e-05 5.0 1.75728487475e-05 0.999996791689
5.37074148297 9.00000320833 1.49697773658e-05 5.0 1.49697773658e-05 0.999996791667
5.41082164329 9.00000320835 1.27523444181e-05 5.0 1.27523444181e-05 0.999996791652
5.45090180361 9.00000320836 1.08634550197e-05 5.0 1.08634550197e-05 0.999996791641
5.49098196393 9.00000320837 9.25445769342e-06 5.0 9.25445769342e-06 0.999996791633
5.53106212425 9.00000320837 7.88349013184e-06 5.0 7.88349013184e-06 0.999996791627
5.57114228457 9.00000320838 6.71570537954e-06 5.0 6.71570537954e-06 0.999996791623
5.61122244489 9.00000320838 5.72075109712e-06 5.0 5.72075109712e-06 0.99999679162
5.65130260521 9.00000320838 4.87332585361e-06 5.0 4.87332585361e-06 0.999996791618
5.69138276553 9.00000320838 4.15136937539e-06 5.0 4.15136937539e-06 0.999996791616
5.73146292585 9.00000320839 3.53645937404e-06 5.0 3.53645937404e-06 0.999996791615
5.77154308617 9.00000320839 3.01256659298e-06 5.0 3.01256659298e-06 0.999996791614
5.81162324649 9.00000320839 2.56627893252e-06 5.0 2.56627893252e-06 0.999996791613
5.85170340681 9.00000320839 2.18600927411e-06 5.0 2.18600927411e-06 0.999996791613
5.89178356713 9.00000320839 1.86223809679e-06 5.0 1.86223809679e-06 0.999996791613
5.93186372745 9.00000320839 1.58638468911e-06 5.0 1.58638468911e-06 0.999996791612
5.97194388778 9.00000320839 1.35142613836e-06 5.0 1.35142613836e-06 0.999996791612
6.0120240481 9.00000320839 1.15132800689e-06 5.0 1.15132800689e-06 0.999996791612
6.05210420842 9.00000320839 9.80741823124e-07 5.0 9.80741823124e-07 0.999996791612
6.09218436874 9.00000320839 8.35215189725e-07 5.0 8.35215189725e-07 0.999996791612
6.13226452906 9.00000320839 7.11150884096e-07 5.0 7.11150884096e-07 0.999996791612
6.17234468938 9.00000320839 6.05693787691e-07 5.0 6.05693787692e-07 0.999996791612
6.2124248497 9.00000320839 5.15900323341e-07 5.0 5.15900323341e-07 0.999996791612
6.25250501002 9.00000320839 4.39445022949e-07 5.0 4.39445022949e-07 0.999996791612
6.29258517034 9.00000320839 3.74525660655e-07 5.0 3.74525660655e-07 0.999996791612
6.33266533066 9.00000320839 3.19207781946e-07 5.0 3.19207781946e-07 0.999996791612
6.37274549098 9.00000320839 2.72043060953e-07 5.0 2.72043060953e-07 0.999996791612
6.4128256513 9.00000320839 2.31689657459e-07 5.0 2.31689657459e-07 0.999996791612
6.45290581162 9.00000320839 1.97514609915e-07 5.0 1.97514609915e-07 0.999996791612
6.49298597194 9.00000320839 1.68273700678e-07 5.0 1.68273700678e-07 0.999996791612
6.53306613226 9.00000320839 1.43409610761e-07 5.0 1.43409610761e-07 0.999996791612
6.57314629259 9.00000320839 1.22268708128e-07 5.0 1.22268708128e-07 0.999996791612
6.61322645291 9.00000320839 1.04295790139e-07 5.0 1.04295790139e-07 0.999996791612
6.65330661323 9.00000320839 8.89734881742e-08 5.0 8.89734881742e-08 0.999996791612
6.69338677355 9.00000320839 7.59740759237e-08 5.0 7.59740759237e-08 0.999996791612
6.73346693387 9.00000320839 6.48852696388e-08 5.0 6.48852696388e-08 0.999996791612
6.77354709419 9.00000320839 5.52797455694e-08 5.0 5.52797455694e-08 0.999996791612
6.81362725451 9.00000320839 4.70070968831e-08 5.0 4.70070968831e-08 0.999996791612
6.85370741483 9.00000320839 3.99675785584e-08 5.0 3.99675785584e-08 0.999996791612
6.89378757515 9.00000320839 3.39461635905e-08 5.0 3.39461635905e-08 0.999996791612
6.93386773547 9.00000320839 2.835077707e-08 5.0 2.835077707e-08 0.999996791612
6.97394789579 9.00000320839 2.42906395051e-08 5.0 2.42906395051e-08 0.999996791612
7.01402805611 9.00000320839 2.06979284222e-08 5.0 2.06979284222e-08 0.999996791612
7.05410821643 9.00000320839 1.75700491649e-08 5.0 1.75700491649e-08 0.999996791612
7.09418837675 9.00000320839 1.48584604958e-08 5.0 1.48584604958e-08 0.999996791612
7.13426853707 9.00000320839 1.25448146887e-08 5.0 1.25448146887e-08 0.999996791612
7.17434869739 9.00000320839 1.06291117436e-08 5.0 1.06291117436e-08 0.999996791612
7.21442885772 9.00000320839 9.06680189956e-09 5.0 9.06680189956e-09 0.999996791612
7.25450901804 9.00000320839 7.7227717842e-09 5.0 7.7227717842e-09 0.999996791612
7.29458917836 9.00000320839 6.58775022e-09 5.0 6.58775022e-09 0.999996791612
7.33466933868 9.00000320839 5.66117978747e-09 5.0 5.66117978747e-09 0.999996791612
7.374749499 9.00000320839 4.87748616949e-09 5.0 4.87748616949e-09 0.999996791612
7.41482965932 9.00000320839 4.19168296408e-09 5.0 4.19168296408e-09 0.999996791612
7.45490981964 9.00000320839 3.60377017124e-09 5.0 3.60377017124e-09 0.999996791612
7.49498997996 9.00000320839 3.10809515639e-09 5.0 3.10809515639e-09 0.999996791612
7.53507014028 9.00000320839 2.67252303146e-09 5.0 2.67252303146e-09 0.999996791612
7.5751503006 9.00000320839 2.29198422504e-09 5.0 2.29198422504e-09 0.999996791612
7.61523046092 9.00000320839 1.96647873714e-09 5.0 1.96647873714e-09 0.999996791612
7.65531062124 9.00000320839 1.68722050389e-09 5.0 1.68722050389e-09 0.999996791612
7.69539078156 9.00000320839 1.44260333445e-09 5.0 1.44260333445e-09 0.999996791612
7.73547094188 9.00000320839 1.23257281613e-09 5.0 1.23257281613e-09 0.999996791612
7.7755511022 9.00000320839 1.0563170069e-09 5.0 1.0563170069e-09 0.999996791612
7.81563126253 9.00000320839 9.03686771756e-10 5.0 9.03686771757e-10 0.999996791612
7.85571142285 9.00000320839 7.71635786081e-10 5.0 7.71635786081e-10 0.999996791612
7.89579158317 9.00000320839 6.60164049868e-10 5.0 6.60164049869e-10 0.999996791612
7.93587174349 9.00000320839 5.66697653472e-10 5.0 5.66697653472e-10 0.999996791612
7.97595190381 9.00000320839 4.85028091593e-10 5.0 4.85028091593e-10 0.999996791612
8.01603206413 9.00000320839 4.14881164179e-10 5.0 4.14881164179e-10 0.999996791612
8.05611222445 9.00000320839 3.49022141634e-10 5.0 3.49022141586e-10 0.999996791612
8.09619238477 9.00000320839 2.56062929545e-10 5.0 2.56062929194e-10 0.999996791612
8.13627254509 9.00000320839 1.7011938332e-10 5.0 1.70119382636e-10 0.999996791612
8.17635270541 9.00000320839 9.11915029587e-11 5.0 9.11915019117e-11 0.999996791612
8.21643286573 9.00000320839 1.92792884614e-11 5.0 1.92792870218e-11 0.999996791612
8.25651302605 9.00000320839 -4.56172601719e-11 5.0 -4.5617262034e-11 0.999996791612
8.29659318637 9.00000320839 -1.03498142941e-10 5.0 -1.03498145256e-10 0.999996791612
8.33667334669 9.00000320839 -1.54363359847e-10 5.0 -1.54363362643e-10 0.999996791612
8.37675350701 9.00000320839 -1.98212910888e-10 5.0 -1.98212914197e-10 0.999996791612
8.41683366733 9.00000320839 -2.35046796066e-10 5.0 -2.35046799916e-10 0.999996791612
8.45691382766 9.00000320839 -2.64865015379e-10 5.0 -2.64865019801e-10 0.999996791612
8.49699398798 9.00000320839 -2.87667568829e-10 5.0 -2.87667573852e-10 0.999996791612
8.5370741483 9.00000320839 -3.03454456414e-10 5.0 -3.03454462068e-10 0.999996791612
8.57715430862 9.00000320839 -3.12225678136e-10 5.0 -3.12225684451e-10 0.999996791612
8.61723446894 9.00000320839 -3.13981233994e-10 5.0 -3.13981240999e-10 0.999996791612
8.65731462926 9.00000320839 -3.08721123987e-10 5.0 -3.08721131714e-10 0.999996791612
8.69739478958 9.00000320839 -2.96445348117e-10 5.0 -2.96445356594e-10 0.999996791612
8.7374749499 9.00000320839 -2.77153906383e-10 5.0 -2.7715391564e-10 0.999996791612
8.77755511022 9.00000320839 -2.50846798785e-10 5.0 -2.50846808851e-10 0.999996791612
8.81763527054 9.00000320839 -2.25055382979e-10 5.0 -2.25055393824e-10 0.999996791612
8.85771543086 9.00000320839 -2.37080213379e-10 5.0 -2.37080224664e-10 0.999996791612
8.89779559118 9.00000320839 -2.47243282775e-10 5.0 -2.47243294488e-10 0.999996791612
8.9378757515 9.00000320839 -2.55544591166e-10 5.0 -2.55544603295e-10 0.999996791612
8.97795591182 9.00000320839 -2.61984138554e-10 5.0 -2.61984151086e-10 0.999996791612
9.01803607214 9.00000320839 -2.66561924937e-10 5.0 -2.6656193786e-10 0.999996791612
9.05811623246 9.00000320839 -2.69277950317e-10 5.0 -2.69277963618e-10 0.999996791612
9.09819639279 9.00000320839 -2.70132214692e-10 5.0 -2.7013222836e-10 0.999996791612
9.13827655311 9.00000320839 -2.69124718063e-10 5.0 -2.69124732085e-10 0.999996791612
9.17835671343 9.00000320839 -2.66255460431e-10 5.0 -2.66255474793e-10 0.999996791612
9.21843687375 9.00000320839 -2.61524441794e-10 5.0 -2.61524456485e-10 0.999996791612
9.25851703407 9.00000320839 -2.54931662154e-10 5.0 -2.54931677161e-10 0.999996791612
9.29859719439 9.00000320839 -2.46477121509e-10 5.0 -2.4647713682e-10 0.999996791612
9.33867735471 9.00000320839 -2.3616081986e-10 5.0 -2.36160835463e-10 0.999996791612
9.37875751503 9.00000320839 -2.23982757207e-10 5.0 -2.23982773089e-10 0.999996791612
9.41883767535 9.00000320839 -2.09942933551e-10 5.0 -2.09942949699e-10 0.999996791612
9.45891783567 9.00000320839 -1.9404134889e-10 5.0 -1.94041365292e-10 0.999996791612
9.49899799599 9.00000320839 -1.76278003225e-10 5.0 -1.76278019869e-10 0.999996791612
9.53907815631 9.00000320839 -1.56652896556e-10 5.0 -1.5665291343e-10 0.999996791612
9.57915831663 9.00000320839 -1.46005674099e-10 5.0 -1.46005697414e-10 0.999996791612
9.61923847695 9.00000320839 -1.40192141941e-10 5.0 -1.40192164586e-10 0.999996791612
9.65931863727 9.00000320839 -1.34378609784e-10 5.0 -1.34378631758e-10 0.999996791612
9.6993987976 9.00000320839 -1.28565077627e-10 5.0 -1.2856509893e-10 0.999996791612
9.73947895792 9.00000320839 -1.2275154547e-10 5.0 -1.22751566102e-10 0.999996791612
9.77955911824 9.00000320839 -1.16938013313e-10 5.0 -1.16938033275e-10 0.999996791612
9.81963927856 9.00000320839 -1.11124481156e-10 5.0 -1.11124500447e-10 0.999996791612
9.85971943888 9.00000320839 -1.05310948998e-10 5.0 -1.05310967619e-10 0.999996791612
9.8997995992 9.00000320839 -9.94974168412e-11 5.0 -9.94974347913e-11 0.999996791612
9.93987975952 9.00000320839 -9.36838846841e-11 5.0 -9.36839019635e-11 0.999996791612
9.97995991984 9.00000320839 -8.78703525269e-11 5.0 -8.78703691358e-11 0.999996791612
10.0200400802 9.00000320839 -8.20568203697e-11 5.0 -8.2056836308e-11 0.999996791612
10.0601202405 9.00000320839 -7.62432882126e-11 5.0 -7.62433034802e-11 0.999996791612
10.1002004008 9.00000320839 -7.04297560554e-11 5.0 -7.04297706524e-11 0.999996791612
10.1402805611 9.00000320839 -6.46162238982e-11 5.0 -6.46162378247e-11 0.999996791612
10.1803607214 9.00000320839 -5.88026917411e-11 5.0 -5.88027049969e-11 0.999996791612
10.2204408818 9.00000320839 -5.29891595839e-11 5.0 -5.29891721691e-11 0.999996791612
10.2605210421 9.00000320839 -4.71756274267e-11 5.0 -4.71756393413e-11 0.999996791612
10.3006012024 9.00000320839 -4.13620952695e-11 5.0 -4.13621065135e-11 0.999996791612
10.3406813627 9.00000320839 -3.62392186794e-11 5.0 -3.62392293407e-11 0.999996791612
10.380761523 9.00000320839 -3.60545730937e-11 5.0 -3.60545838013e-11 0.999996791612
10.4208416834 9.00000320839 -3.5869927508e-11 5.0 -3.58699382618e-11 0.999996791612
10.4609218437 9.00000320839 -3.56852819223e-11 5.0 -3.56852927224e-11 0.999996791612
10.501002004 9.00000320839 -3.55006363366e-11 5.0 -3.55006471829e-11 0.999996791612
10.5410821643 9.00000320839 -3.5315990751e-11 5.0 -3.53160016435e-11 0.999996791612
10.5811623246 9.00000320839 -3.51313451653e-11 5.0 -3.51313561041e-11 0.999996791612
10.621242485 9.00000320839 -3.49466995796e-11 5.0 -3.49467105646e-11 0.999996791612
10.6613226453 9.00000320839 -3.47620539939e-11 5.0 -3.47620650252e-11 0.999996791612
10.7014028056 9.00000320839 -3.45774084082e-11 5.0 -3.45774194857e-11 0.999996791612
10.7414829659 9.00000320839 -3.43927628225e-11 5.0 -3.43927739463e-11 0.999996791612
10.7815631263 9.00000320839 -3.42081172369e-11 5.0 -3.42081284068e-11 0.999996791612
10.8216432866 9.00000320839 -3.40234716512e-11 5.0 -3.40234828674e-11 0.999996791612
10.8617234469 9.00000320839 -3.38388260655e-11 5.0 -3.3838837328e-11 0.999996791612
10.9018036072 9.00000320839 -3.36541804798e-11 5.0 -3.36541917885e-11 0.999996791612
10.9418837675 9.00000320839 -3.34695348941e-11 5.0 -3.34695462491e-11 0.999996791612
10.9819639279 9.00000320839 -3.32848893084e-11 5.0 -3.32849007096e-11 0.999996791612
11.0220440882 9.00000320839 -3.31002437228e-11 5.0 -3.31002551702e-11 0.999996791612
11.0621242485 9.00000320839 -3.29155981371e-11 5.0 -3.29156096307e-11 0.999996791612
11.1022044088 9.00000320839 -3.27309525514e-11 5.0 -3.27309640913e-11 0.999996791612
11.1422845691 9.00000320839 -3.25463069657e-11 5.0 -3.25463185519e-11 0.999996791612
11.1823647295 9.00000320839 -3.236166138e-11 5.0 -3.23616730124e-11 0.999996791612
11.2224448898 9.00000320839 -3.21770157943e-11 5.0 -3.2177027473e-11 0.999996791612
11.2625250501 9.00000320839 -3.19923702087e-11 5.0 -3.19923819335e-11 0.999996791612
11.3026052104 9.00000320839 -3.1807724623e-11 5.0 -3.18077363941e-11 0.999996791612
11.3426853707 9.00000320839 -3.16230790373e-11 5.0 -3.16230908546e-11 0.999996791612
11.3827655311 9.00000320839 -3.14384334516e-11 5.0 -3.14384453152e-11 0.999996791612
11.4228456914 9.00000320839 -3.12537878659e-11 5.0 -3.12537997758e-11 0.999996791612
11.4629258517 9.00000320839 -3.10691422802e-11 5.0 -3.10691542363e-11 0.999996791612
11.503006012 9.00000320839 -3.08844966946e-11 5.0 -3.08845086969e-11 0.999996791612
11.5430861723 9.00000320839 -3.06998511089e-11 5.0 -3.06998631574e-11 0.999996791612
11.5831663327 9.00000320839 -3.05152055232e-11 5.0 -3.0515217618e-11 0.999996791612
11.623246493 9.00000320839 -3.03305599375e-11 5.0 -3.03305720785e-11 0.999996791612
11.6633266533 9.00000320839 -3.01459143518e-11 5.0 -3.01459265391e-11 0.999996791612
11.7034068136 9.00000320839 -2.99612687661e-11 5.0 -2.99612809997e-11 0.999996791612
11.7434869739 9.00000320839 -2.97766231805e-11 5.0 -2.97766354602e-11 0.999996791612
11.7835671343 9.00000320839 -2.95919775948e-11 5.0 -2.95919899208e-11 0.999996791612
11.8236472946 9.00000320839 -2.94073320091e-11 5.0 -2.94073443813e-11 0.999996791612
11.8637274549 9.00000320839 -2.92226864234e-11 5.0 -2.92226988419e-11 0.999996791612
11.9038076152 9.00000320839 -2.90380408377e-11 5.0 -2.90380533024e-11 0.999996791612
11.9438877756 9.00000320839 -2.8853395252e-11 5.0 -2.8853407763e-11 0.999996791612
11.9839679359 9.00000320839 -2.86687496664e-11 5.0 -2.86687622236e-11 0.999996791612
12.0240480962 9.00000320839 -2.84841040807e-11 5.0 -2.84841166841e-11 0.999996791612
12.0641282565 9.00000320839 -2.8299458495e-11 5.0 -2.82994711447e-11 0.999996791612
12.1042084168 9.00000320839 -2.81148129093e-11 5.0 -2.81148256052e-11 0.999996791612
12.1442885772 9.00000320839 -2.79301673236e-11 5.0 -2.79301800658e-11 0.999996791612
12.1843687375 9.00000320839 -2.77455217379e-11 5.0 -2.77455345263e-11 0.999996791612
12.2244488978 9.00000320839 -2.75608761522e-11 5.0 -2.75608889869e-11 0.999996791612
12.2645290581 9.00000320839 -2.73762305666e-11 5.0 -2.73762434475e-11 0.999996791612
12.3046092184 9.00000320839 -2.71915849809e-11 5.0 -2.7191597908e-11 0.999996791612
12.3446893788 9.00000320839 -2.70069393952e-11 5.0 -2.70069523686e-11 0.999996791612
12.3847695391 9.00000320839 -2.68222938095e-11 5.0 -2.68223068291e-11 0.999996791612
12.4248496994 9.00000320839 -2.66376482238e-11 5.0 -2.66376612897e-11 0.999996791612
12.4649298597 9.00000320839 -2.64530026381e-11 5.0 -2.64530157503e-11 0.999996791612
12.50501002 9.00000320839 -2.62683570525e-11 5.0 -2.62683702108e-11 0.999996791612
12.5450901804 9.00000320839 -2.60837114668e-11 5.0 -2.60837246714e-11 0.999996791612
12.5851703407 9.00000320839 -2.58990658811e-11 5.0 -2.58990791319e-11 0.999996791612
12.625250501 9.00000320839 -2.57144202954e-11 5.0 -2.57144335925e-11 0.999996791612
12.6653306613 9.00000320839 -2.55297747097e-11 5.0 -2.5529788053e-11 0.999996791612
12.7054108216 9.00000320839 -2.5345129124e-11 5.0 -2.53451425136e-11 0.999996791612
12.745490982 9.00000320839 -2.51604835384e-11 5.0 -2.51604969742e-11 0.999996791612
12.7855711423 9.00000320839 -2.49758379527e-11 5.0 -2.49758514347e-11 0.999996791612
12.8256513026 9.00000320839 -2.4791192367e-11 5.0 -2.47912058953e-11 0.999996791612
12.8657314629 9.00000320839 -2.46065467813e-11 5.0 -2.46065603558e-11 0.999996791612
12.9058116232 9.00000320839 -2.44219011956e-11 5.0 -2.44219148164e-11 0.999996791612
12.9458917836 9.00000320839 -2.42372556099e-11 5.0 -2.42372692769e-11 0.999996791612
12.9859719439 9.00000320839 -2.40526100243e-11 5.0 -2.40526237375e-11 0.999996791612
13.0260521042 9.00000320839 -2.38679644386e-11 5.0 -2.38679781981e-11 0.999996791612
13.0661322645 9.00000320839 -2.36833188529e-11 5.0 -2.36833326586e-11 0.999996791612
13.1062124248 9.00000320839 -2.34986732672e-11 5.0 -2.34986871192e-11 0.999996791612
13.1462925852 9.00000320839 -2.33140276815e-11 5.0 -2.33140415797e-11 0.999996791612
13.1863727455 9.00000320839 -2.31293820958e-11 5.0 -2.31293960403e-11 0.999996791612
13.2264529058 9.00000320839 -2.29447365102e-11 5.0 -2.29447505008e-11 0.999996791612
13.2665330661 9.00000320839 -2.27600909245e-11 5.0 -2.27601049614e-11 0.999996791612
13.3066132265 9.00000320839 -2.25754453388e-11 5.0 -2.2575459422e-11 0.999996791612
13.3466933868 9.00000320839 -2.23907997531e-11 5.0 -2.23908138825e-11 0.999996791612
13.3867735471 9.00000320839 -2.22061541674e-11 5.0 -2.22061683431e-11 0.999996791612
13.4268537074 9.00000320839 -2.20215085817e-11 5.0 -2.20215228036e-11 0.999996791612
13.4669338677 9.00000320839 -2.18368629961e-11 5.0 -2.18368772642e-11 0.999996791612
13.5070140281 9.00000320839 -2.16522174104e-11 5.0 -2.16522317247e-11 0.999996791612
13.5470941884 9.00000320839 -2.14675718247e-11 5.0 -2.14675861853e-11 0.999996791612
13.5871743487 9.00000320839 -2.1282926239e-11 5.0 -2.12829406459e-11 0.999996791612
13.627254509 9.00000320839 -2.10982806533e-11 5.0 -2.10982951064e-11 0.999996791612
13.6673346693 9.00000320839 -2.09136350676e-11 5.0 -2.0913649567e-11 0.999996791612
13.7074148297 9.00000320839 -2.0728989482e-11 5.0 -2.07290040275e-11 0.999996791612
13.74749499 9.00000320839 -2.05443438963e-11 5.0 -2.05443584881e-11 0.999996791612
13.7875751503 9.00000320839 -2.03596983106e-11 5.0 -2.03597129486e-11 0.999996791612
13.8276553106 9.00000320839 -2.01750527249e-11 5.0 -2.01750674092e-11 0.999996791612
13.8677354709 9.00000320839 -1.99904071392e-11 5.0 -1.99904218698e-11 0.999996791612
13.9078156313 9.00000320839 -1.98057615535e-11 5.0 -1.98057763303e-11 0.999996791612
13.9478957916 9.00000320839 -1.96211159678e-11 5.0 -1.96211307909e-11 0.999996791612
13.9879759519 9.00000320839 -1.94364703822e-11 5.0 -1.94364852514e-11 0.999996791612
14.0280561122 9.00000320839 -1.92518247965e-11 5.0 -1.9251839712e-11 0.999996791612
14.0681362725 9.00000320839 -1.90671792108e-11 5.0 -1.90671941725e-11 0.999996791612
14.1082164329 9.00000320839 -1.88825336251e-11 5.0 -1.88825486331e-11 0.999996791612
14.1482965932 9.00000320839 -1.86978880394e-11 5.0 -1.86979030937e-11 0.999996791612
14.1883767535 9.00000320839 -1.85132424537e-11 5.0 -1.85132575542e-11 0.999996791612
14.2284569138 9.00000320839 -1.83285968681e-11 5.0 -1.83286120148e-11 0.999996791612
14.2685370741 9.00000320839 -1.81439512824e-11 5.0 -1.81439664753e-11 0.999996791612
14.3086172345 9.00000320839 -1.79593056967e-11 5.0 -1.79593209359e-11 0.999996791612
14.3486973948 9.00000320839 -1.7774660111e-11 5.0 -1.77746753964e-11 0.999996791612
14.3887775551 9.00000320839 -1.75900145253e-11 5.0 -1.7590029857e-11 0.999996791612
14.4288577154 9.00000320839 -1.74053689396e-11 5.0 -1.74053843176e-11 0.999996791612
14.4689378758 9.00000320839 -1.7220723354e-11 5.0 -1.72207387781e-11 0.999996791612
14.5090180361 9.00000320839 -1.70360777683e-11 5.0 -1.70360932387e-11 0.999996791612
14.5490981964 9.00000320839 -1.68514321826e-11 5.0 -1.68514476992e-11 0.999996791612
14.5891783567 9.00000320839 -1.66667865969e-11 5.0 -1.66668021598e-11 0.999996791612
14.629258517 9.00000320839 -1.64821410112e-11 5.0 -1.64821566203e-11 0.999996791612
14.6693386774 9.00000320839 -1.62974954255e-11 5.0 -1.62975110809e-11 0.999996791612
14.7094188377 9.00000320839 -1.61128498399e-11 5.0 -1.61128655415e-11 0.999996791612
14.749498998 9.00000320839 -1.59282042542e-11 5.0 -1.5928220002e-11 0.999996791612
14.7895791583 9.00000320839 -1.57435586685e-11 5.0 -1.57435744626e-11 0.999996791612
14.8296593186 9.00000320839 -1.55589130828e-11 5.0 -1.55589289231e-11 0.999996791612
14.869739479 9.00000320839 -1.53742674971e-11 5.0 -1.53742833837e-11 0.999996791612
14.9098196393 9.00000320839 -1.51896219114e-11 5.0 -1.51896378442e-11 0.999996791612
14.9498997996 9.00000320839 -1.50049763258e-11 5.0 -1.50049923048e-11 0.999996791612
14.9899799599 9.00000320839 -1.48203307401e-11 5.0 -1.48203467654e-11 0.999996791612
15.0300601202 9.00000320839 -1.46356851544e-11 5.0 -1.46357012259e-11 0.999996791612
15.0701402806 9.00000320839 -1.44510395687e-11 5.0 -1.44510556865e-11 0.999996791612
15.1102204409 9.00000320839 -1.4266393983e-11 5.0 -1.4266410147e-11 0.999996791612
15.1503006012 9.00000320839 -1.40817483973e-11 5.0 -1.40817646076e-11 0.999996791612
15.1903807615 9.00000320839 -1.38971028117e-11 5.0 -1.38971190681e-11 0.999996791612
15.2304609218 9.00000320839 -1.3712457226e-11 5.0 -1.37124735287e-11 0.999996791612
15.2705410822 9.00000320839 -1.35278116403e-11 5.0 -1.35278279893e-11 0.999996791612
15.3106212425 9.00000320839 -1.33431660546e-11 5.0 -1.33431824498e-11 0.999996791612
15.3507014028 9.00000320839 -1.31585204689e-11 5.0 -1.31585369104e-11 0.999996791612
15.3907815631 9.00000320839 -1.29738748832e-11 5.0 -1.29738913709e-11 0.999996791612
15.4308617234 9.00000320839 -1.27892292976e-11 5.0 -1.27892458315e-11 0.999996791612
15.4709418838 9.00000320839 -1.26045837119e-11 5.0 -1.2604600292e-11 0.999996791612
15.5110220441 9.00000320839 -1.24199381262e-11 5.0 -1.24199547526e-11 0.999996791612
15.5511022044 9.00000320839 -1.22352925405e-11 5.0 -1.22353092132e-11 0.999996791612
15.5911823647 9.00000320839 -1.20506469548e-11 5.0 -1.20506636737e-11 0.999996791612
15.6312625251 9.00000320839 -1.18660013691e-11 5.0 -1.18660181343e-11 0.999996791612
15.6713426854 9.00000320839 -1.16813557834e-11 5.0 -1.16813725948e-11 0.999996791612
15.7114228457 9.00000320839 -1.14967101978e-11 5.0 -1.14967270554e-11 0.999996791612
15.751503006 9.00000320839 -1.13120646121e-11 5.0 -1.13120815159e-11 0.999996791612
15.7915831663 9.00000320839 -1.11274190264e-11 5.0 -1.11274359765e-11 0.999996791612
15.8316633267 9.00000320839 -1.09427734407e-11 5.0 -1.09427904371e-11 0.999996791612
15.871743487 9.00000320839 -1.0758127855e-11 5.0 -1.07581448976e-11 0.999996791612
15.9118236473 9.00000320839 -1.05734822693e-11 5.0 -1.05734993582e-11 0.999996791612
15.9519038076 9.00000320839 -1.03888366837e-11 5.0 -1.03888538187e-11 0.999996791612
15.9919839679 9.00000320839 -1.0204191098e-11 5.0 -1.02042082793e-11 0.999996791612
16.0320641283 9.00000320839 -1.00195455123e-11 5.0 -1.00195627398e-11 0.999996791612
16.0721442886 9.00000320839 -9.83489992661e-12 5.0 -9.83491720041e-12 0.999996791612
16.1122244489 9.00000320839 -9.65025434093e-12 5.0 -9.65027166096e-12 0.999996791612
16.1523046092 9.00000320839 -9.46560875524e-12 5.0 -9.46562612152e-12 0.999996791612
16.1923847695 9.00000320839 -9.28096316956e-12 5.0 -9.28098058208e-12 0.999996791612
16.2324649299 9.00000320839 -9.09631758388e-12 5.0 -9.09633504264e-12 0.999996791612
16.2725450902 9.00000320839 -8.91167199819e-12 5.0 -8.91168950319e-12 0.999996791612
16.3126252505 9.00000320839 -8.72702641251e-12 5.0 -8.72704396375e-12 0.999996791612
16.3527054108 9.00000320839 -8.54238082683e-12 5.0 -8.54239842431e-12 0.999996791612
16.3927855711 9.00000320839 -8.35773524114e-12 5.0 -8.35775288487e-12 0.999996791612
16.4328657315 9.00000320839 -8.17308965546e-12 5.0 -8.17310734542e-12 0.999996791612
16.4729458918 9.00000320839 -7.98844406977e-12 5.0 -7.98846180598e-12 0.999996791612
16.5130260521 9.00000320839 -7.80379848409e-12 5.0 -7.80381626654e-12 0.999996791612
16.5531062124 9.00000320839 -7.61915289841e-12 5.0 -7.61917072709e-12 0.999996791612
16.5931863727 9.00000320839 -7.43450731272e-12 5.0 -7.43452518765e-12 0.999996791612
16.6332665331 9.00000320839 -7.24986172704e-12 5.0 -7.24987964821e-12 0.999996791612
16.6733466934 9.00000320839 -7.06521614136e-12 5.0 -7.06523410877e-12 0.999996791612
16.7134268537 9.00000320839 -6.88057055567e-12 5.0 -6.88058856932e-12 0.999996791612
16.753507014 9.00000320839 -6.69592496999e-12 5.0 -6.69594302988e-12 0.999996791612
16.7935871743 9.00000320839 -6.5112793843e-12 5.0 -6.51129749044e-12 0.999996791612
16.8336673347 9.00000320839 -6.32663379862e-12 5.0 -6.326651951e-12 0.999996791612
16.873747495 9.00000320839 -6.14198821294e-12 5.0 -6.14200641155e-12 0.999996791612
16.9138276553 9.00000320839 -5.95734262725e-12 5.0 -5.95736087211e-12 0.999996791612
16.9539078156 9.00000320839 -5.77269704157e-12 5.0 -5.77271533267e-12 0.999996791612
16.993987976 9.00000320839 -5.58805145589e-12 5.0 -5.58806979322e-12 0.999996791612
17.0340681363 9.00000320839 -5.4034058702e-12 5.0 -5.40342425378e-12 0.999996791612
17.0741482966 9.00000320839 -5.21876028452e-12 5.0 -5.21877871434e-12 0.999996791612
17.1142284569 9.00000320839 -5.03411469883e-12 5.0 -5.0341331749e-12 0.999996791612
17.1543086172 9.00000320839 -4.84946911315e-12 5.0 -4.84948763545e-12 0.999996791612
17.1943887776 9.00000320839 -4.66482352747e-12 5.0 -4.66484209601e-12 0.999996791612
17.2344689379 9.00000320839 -4.48017794178e-12 5.0 -4.48019655657e-12 0.999996791612
17.2745490982 9.00000320839 -4.2955323561e-12 5.0 -4.29555101713e-12 0.999996791612
17.3146292585 9.00000320839 -4.11088677042e-12 5.0 -4.11090547768e-12 0.999996791612
17.3547094188 9.00000320839 -3.92624118473e-12 5.0 -3.92625993824e-12 0.999996791612
17.3947895792 9.00000320839 -3.74159559905e-12 5.0 -3.7416143988e-12 0.999996791612
17.4348697395 9.00000320839 -3.55695001336e-12 5.0 -3.55696885936e-12 0.999996791612
17.4749498998 9.00000320839 -3.37230442768e-12 5.0 -3.37232331991e-12 0.999996791612
17.5150300601 9.00000320839 -3.187658842e-12 5.0 -3.18767778047e-12 0.999996791612
17.5551102204 9.00000320839 -3.00301325631e-12 5.0 -3.00303224103e-12 0.999996791612
17.5951903808 9.00000320839 -2.81836767063e-12 5.0 -2.81838670158e-12 0.999996791612
17.6352705411 9.00000320839 -2.63372208495e-12 5.0 -2.63374116214e-12 0.999996791612
17.6753507014 9.00000320839 -2.44907649926e-12 5.0 -2.4490956227e-12 0.999996791612
17.7154308617 9.00000320839 -2.26443091358e-12 5.0 -2.26445008326e-12 0.999996791612
17.755511022 9.00000320839 -2.07978532789e-12 5.0 -2.07980454381e-12 0.999996791612
17.7955911824 9.00000320839 -1.89513974221e-12 5.0 -1.89515900437e-12 0.999996791612
17.8356713427 9.00000320839 -1.71049415653e-12 5.0 -1.71051346493e-12 0.999996791612
17.875751503 9.00000320839 -1.52584857084e-12 5.0 -1.52586792549e-12 0.999996791612
17.9158316633 9.00000320839 -1.34120298516e-12 5.0 -1.34122238604e-12 0.999996791612
17.9559118236 9.00000320839 -1.15655739948e-12 5.0 -1.1565768466e-12 0.999996791612
17.995991984 9.00000320839 -1.14600974506e-12 5.0 -1.14602910006e-12 0.999996791612
18.0360721443 9.00000320839 -1.14014517945e-12 5.0 -1.14016443862e-12 0.999996791612
18.0761523046 9.00000320839 -1.13428061384e-12 5.0 -1.13429977717e-12 0.999996791612
18.1162324649 9.00000320839 -1.12841604823e-12 5.0 -1.12843511572e-12 0.999996791612
18.1563126253 9.00000320839 -1.12255148262e-12 5.0 -1.12257045427e-12 0.999996791612
18.1963927856 9.00000320839 -1.11668691702e-12 5.0 -1.11670579283e-12 0.999996791612
18.2364729459 9.00000320839 -1.11082235141e-12 5.0 -1.11084113138e-12 0.999996791612
18.2765531062 9.00000320839 -1.1049577858e-12 5.0 -1.10497646993e-12 0.999996791612
18.3166332665 9.00000320839 -1.09909322019e-12 5.0 -1.09911180848e-12 0.999996791612
18.3567134269 9.00000320839 -1.09322865458e-12 5.0 -1.09324714704e-12 0.999996791612
18.3967935872 9.00000320839 -1.08736408897e-12 5.0 -1.08738248559e-12 0.999996791612
18.4368737475 9.00000320839 -1.08149952336e-12 5.0 -1.08151782414e-12 0.999996791612
18.4769539078 9.00000320839 -1.07563495775e-12 5.0 -1.07565316269e-12 0.999996791612
18.5170340681 9.00000320839 -1.06977039215e-12 5.0 -1.06978850125e-12 0.999996791612
18.5571142285 9.00000320839 -1.06390582654e-12 5.0 -1.0639238398e-12 0.999996791612
18.5971943888 9.00000320839 -1.05804126093e-12 5.0 -1.05805917835e-12 0.999996791612
18.6372745491 9.00000320839 -1.05217669532e-12 5.0 -1.0521945169e-12 0.999996791612
18.6773547094 9.00000320839 -1.04631212971e-12 5.0 -1.04632985545e-12 0.999996791612
18.7174348697 9.00000320839 -1.0404475641e-12 5.0 -1.04046519401e-12 0.999996791612
18.7575150301 9.00000320839 -1.03458299849e-12 5.0 -1.03460053256e-12 0.999996791612
18.7975951904 9.00000320839 -1.02871843289e-12 5.0 -1.02873587111e-12 0.999996791612
18.8376753507 9.00000320839 -1.02285386728e-12 5.0 -1.02287120966e-12 0.999996791612
18.877755511 9.00000320839 -1.01698930167e-12 5.0 -1.01700654822e-12 0.999996791612
18.9178356713 9.00000320839 -1.01112473606e-12 5.0 -1.01114188677e-12 0.999996791612
18.9579158317 9.00000320839 -1.00526017045e-12 5.0 -1.00527722532e-12 0.999996791612
18.997995992 9.00000320839 -9.99395604842e-13 5.0 -9.99412563874e-13 0.999996791612
19.0380761523 9.00000320839 -9.93531039233e-13 5.0 -9.93547902426e-13 0.999996791612
19.0781563126 9.00000320839 -9.87666473624e-13 5.0 -9.87683240979e-13 0.999996791612
19.1182364729 9.00000320839 -9.81801908016e-13 5.0 -9.81818579531e-13 0.999996791612
19.1583166333 9.00000320839 -9.75937342407e-13 5.0 -9.75953918083e-13 0.999996791612
19.1983967936 9.00000320839 -9.70072776798e-13 5.0 -9.70089256636e-13 0.999996791612
19.2384769539 9.00000320839 -9.6420821119e-13 5.0 -9.64224595188e-13 0.999996791612
19.2785571142 9.00000320839 -9.58343645581e-13 5.0 -9.5835993374e-13 0.999996791612
19.3186372745 9.00000320839 -9.52479079972e-13 5.0 -9.52495272293e-13 0.999996791612
19.3587174349 9.00000320839 -9.46614514364e-13 5.0 -9.46630610845e-13 0.999996791612
19.3987975952 9.00000320839 -9.40749948755e-13 5.0 -9.40765949397e-13 0.999996791612
19.4388777555 9.00000320839 -9.34885383146e-13 5.0 -9.3490128795e-13 0.999996791612
19.4789579158 9.00000320839 -9.29020817538e-13 5.0 -9.29036626502e-13 0.999996791612
19.5190380762 9.00000320839 -9.23156251929e-13 5.0 -9.23171965055e-13 0.999996791612
19.5591182365 9.00000320839 -9.1729168632e-13 5.0 -9.17307303607e-13 0.999996791612
19.5991983968 9.00000320839 -9.11427120712e-13 5.0 -9.11442642159e-13 0.999996791612
19.6392785571 9.00000320839 -9.05562555103e-13 5.0 -9.05577980712e-13 0.999996791612
19.6793587174 9.00000320839 -8.99697989494e-13 5.0 -8.99713319264e-13 0.999996791612
19.7194388778 9.00000320839 -8.93833423886e-13 5.0 -8.93848657816e-13 0.999996791612
19.7595190381 9.00000320839 -8.87968858277e-13 5.0 -8.87983996369e-13 0.999996791612
19.7995991984 9.00000320839 -8.82104292668e-13 5.0 -8.82119334921e-13 0.999996791612
19.8396793587 9.00000320839 -8.7623972706e-13 5.0 -8.76254673473e-13 0.999996791612
19.879759519 9.00000320839 -8.70375161451e-13 5.0 -8.70390012026e-13 0.999996791612
19.9198396794 9.00000320839 -8.64510595842e-13 5.0 -8.64525350578e-13 0.999996791612
19.9599198397 9.00000320839 -8.58646030234e-13 5.0 -8.58660689131e-13 0.999996791612
20.0 9.00000320839 -8.52781464625e-13 5.0 -8.52796027683e-13 0.999996791612
