0.0 1.0 0.001 6.0 0.001 0.0
0.0400801603206 1.00000009861 0.00122189460288 5.99999996502 0.000786254648988 -6.36263824617e-08
0.0801603206413 1.00000024585 0.00149302928866 5.9999998571 0.000618197210277 -1.02954428261e-07
0.120240480962 1.00000046566 0.00182432027932 5.99999966162 0.00048605264369 -1.27285673646e-07
0.160320641283 1.00000079385 0.00222912434199 5.99999934847 0.000382157096309 -1.42325564624e-07
0.200400801603 1.00000128387 0.00272375341177 5.99999886776 0.000300469774926 -1.51622039349e-07
0.240480961924 1.00000201552 0.0033281397406 5.99999814185 0.000236243517999 -1.57368282265e-07
0.280561122244 1.00000310772 0.00406662290285 5.99999705319 0.000185750231269 -1.60911698561e-07
0.320641282565 1.00000473851 0.00496897639303 5.99999542459 0.000146045853316 -1.63105570273e-07
0.360721442886 1.00000717333 0.00607155615256 5.99999299113 0.000114828255031 -1.64462085145e-07
0.400801603206 1.00001080857 0.00741878709178 5.99998935673 9.02841211443e-05 -1.65300589156e-07
0.440881763527 1.00001623602 0.00906495483634 5.9999839298 7.09858469483e-05 -1.65819000631e-07
0.480961923848 1.0000243391 0.0110763844835 5.99997582704 5.58126270855e-05 -1.6613968821e-07
0.521042084168 1.00003643655 0.0135341132335 5.99996372979 4.38822504144e-05 -1.66338494898e-07
0.561122244489 1.00005449861 0.0165371717954 5.99994566786 3.45023899262e-05 -1.66461276552e-07
0.60120240481 1.00008146558 0.0202065397655 5.99991870096 2.71277139583e-05 -1.66537077731e-07
0.64128256513 1.00012172732 0.024690021935 5.99987843926 2.13291867783e-05 -1.66583935287e-07
0.681362725451 1.00018183778 0.0301681920079 5.99981832883 1.67701967056e-05 -1.66612900068e-07
0.721442885772 1.00027158129 0.0368616281966 5.99972858534 1.31856830875e-05 -1.66630806538e-07
0.761523046092 1.00040556969 0.045039749822 5.99959459695 1.03673198338e-05 -1.66641886528e-07
0.801603206413 1.00060560108 0.0550315380821 5.99939456557 8.15147255549e-06 -1.66648733638e-07
0.841683366733 1.00090422137 0.0672386136056 5.99909594528 6.40930003716e-06 -1.66652966796e-07
0.881763527054 1.00135000206 0.0821510396813 5.9986501646 5.03952409151e-06 -1.66655584912e-07
0.921843687375 1.00201541698 0.100366386884 5.99798474968 3.96258150634e-06 -1.66657203465e-07
0.961923847695 1.0030085731 0.122612573626 5.99699159356 3.11589966955e-06 -1.66658204191e-07
1.00200400802 1.00449064669 0.149774945509 5.99550951997 2.45022918766e-06 -1.66658822965e-07
1.04208416834 1.00670175605 0.182927853085 5.99329841061 1.92691740641e-06 -1.66659205505e-07
1.08216432866 1.0099994002 0.223370486761 5.99000076646 1.51554141416e-06 -1.66659442261e-07
1.12224448898 1.01491474661 0.27266573065 5.98508542005 1.19218040166e-06 -1.66659588873e-07
1.1623246493 1.02223545452 0.332678634034 5.97776471214 9.38037199641e-07 -1.66659679572e-07
1.20240480962 1.03312482552 0.40560806565 5.96687534114 7.38342954652e-07 -1.6665973561e-07
1.24248496994 1.04929471375 0.493995448934 5.95070545291 5.81468547302e-07 -1.66659770369e-07
1.28256513026 1.07324119271 0.600689088475 5.92675897395 4.58289788843e-07 -1.66659791923e-07
1.32264529058 1.10856540612 0.728714054854 5.89143476054 3.61629046889e-07 -1.66659805327e-07
1.3627254509 1.16037203441 0.880978448166 5.83962813225 2.85848647015e-07 -1.66659813686e-07
1.40280561122 1.23570935587 1.05970273544 5.76429081079 2.26518494855e-07 -1.66659818921e-07
1.44288577154 1.34392287803 1.26543089097 5.65607728863 1.80157916093e-07 -1.66659822218e-07
1.48296593186 1.49663810986 1.49550409396 5.5033620568 1.44030916615e-07 -1.66659824313e-07
1.52304609218 1.70687230979 1.74203730495 5.29312785687 1.15983935903e-07 -1.66659825661e-07
1.56312625251 1.98660729211 1.98988770371 5.01339287455 9.43168792974e-08 -1.66659826542e-07
1.60320641283 2.34243074213 2.21586439041 4.65756942453 7.7680023222e-08 -1.66659827132e-07
1.64328657315 2.76999077368 2.39104870899 4.23000939298 6.49925993502e-08 -1.66659827538e-07
1.68336673347 3.24995948601 2.48746848012 3.75004068065 5.53804211301e-08 -1.66659827826e-07
1.72344689379 3.74929518387 2.48753867737 3.25070498279 4.81312059543e-08 -1.6665982804e-07
1.76352705411 4.22931273034 2.39125289179 2.77068743632 4.26653892991e-08 -1.66659828205e-07
1.80360721443 4.65696350995 2.21617155348 2.34303665671 3.85179930495e-08 -1.66659828336e-07
1.84368737475 5.01290024422 1.99025462311 1.98709992244 3.53254748913e-08 -1.66659828445e-07
1.88376753507 5.29274937501 1.74242178427 1.70725079165 3.28127572885e-08 -1.66659828538e-07
1.92384769539 5.50308447203 1.49587451988 1.49691569463 3.07785963522e-08 -1.66659828619e-07
1.96392785571 5.65588033184 1.26576726435 1.34411983482 2.90801277075e-08 -1.6665982869e-07
2.00400801603 5.76415337052 1.05999754213 1.23584679614 2.76183475176e-08 -1.66659828755e-07
2.04408817635 5.83953342107 0.88123098757 1.16046674559 2.63258348102e-08 -1.66659828813e-07
2.08416833667 5.8913697001 0.728926841783 1.10863046656 2.5157181396e-08 -1.66659828866e-07
2.12424849699 5.92671418031 0.600866633771 1.07328598635 2.40819618145e-08 -1.66659828915e-07
2.16432865731 5.95067443984 0.494142641611 1.04932572682 2.30797814928e-08 -1.66659828959e-07
2.20440881764 5.96685340035 0.405729469239 1.03314676631 2.21368864611e-08 -1.66659829e-07
2.24448897796 5.97774908976 0.332778666486 1.0222510769 2.1243889835e-08 -1.66659829038e-07
2.28456913828 5.98507363731 0.272747833571 1.01492652935 2.03942663368e-08 -1.66659829073e-07
2.3246492986 5.98999157559 0.223437860005 1.01000859107 1.95833644649e-08 -1.66659829105e-07
2.36472945892 5.99329096924 0.182983120161 1.00670919742 1.88077617464e-08 -1.66659829134e-07
2.40480961924 5.9955032862 0.149820272526 1.00449688046 1.80648461657e-08 -1.66659829162e-07
2.44488977956 5.99698618564 0.122649756393 1.00301398102 1.7352544116e-08 -1.66659829187e-07
2.48496993988 5.99797992296 0.100396886024 1.0020202437 1.66691447665e-08 -1.6665982921e-07
2.5250501002 5.99864573289 0.0821760466371 1.00135443377 1.60131855062e-08 -1.66659829231e-07
2.56513026052 5.99909177825 0.0672591142087 1.00090838841 1.53833776639e-08 -1.66659829251e-07
2.60521042084 5.99939057675 0.055048340189 1.00060958991 1.47785582402e-08 -1.66659829269e-07
2.64529058116 5.99959072767 0.0450535222915 1.00040943899 1.41976582573e-08 -1.66659829286e-07
2.68537074148 5.99972479615 0.0368729184563 1.00027537051 1.36396818344e-08 -1.66659829302e-07
2.7254509018 5.99981460196 0.0301774404004 1.0001855647 1.31036922263e-08 -1.66659829316e-07
2.76553106212 5.99987475278 0.024697598942 1.00012541388 1.25888023961e-08 -1.66659829329e-07
2.80561122244 5.99991504211 0.0202127464397 1.00008512455 1.20941684101e-08 -1.66659829341e-07
2.84569138277 5.99994202747 0.0165422572257 1.00005813919 1.1618984839e-08 -1.66659829353e-07
2.88577154309 5.99996010198 0.0135382783258 1.00004006468 1.11624813243e-08 -1.66659829363e-07
2.92585170341 5.99997220805 0.011079791386 1.0000279586 1.0723919983e-08 -1.66659829373e-07
2.96593186373 5.99998031698 0.00906774570164 1.00001984968 1.03025933422e-08 -1.66659829382e-07
3.00601202405 5.99998574874 0.00742107487818 1.00001441792 9.89782264003e-09 -1.6665982939e-07
3.04609218437 5.99998938666 0.0060734325776 1.00001078 9.50895637101e-09 -1.66659829397e-07
3.08617234469 5.99999182339 0.00497051598733 1.00000834327 9.13536900151e-09 -1.66659829404e-07
3.12625250501 5.99999345545 0.00406788484869 1.00000671121 8.77645981924e-09 -1.66659829411e-07
3.16633266533 5.99999454858 0.0033291688323 1.00000561808 8.43165186858e-09 -1.66659829417e-07
3.20641282565 5.99999528074 0.00272460099226 1.00000488592 8.1003909622e-09 -1.66659829422e-07
3.24649298597 5.99999577112 0.00222982098061 1.00000439554 7.78214475058e-09 -1.66659829427e-07
3.28657314629 5.99999609967 0.00182489054374 1.00000406699 7.47640184048e-09 -1.66659829432e-07
3.32665330661 5.99999631971 0.00149349525484 1.00000384695 7.18267095763e-09 -1.66659829436e-07
3.36673346693 5.99999646709 0.00122228076003 1.00000369957 6.90048014561e-09 -1.6665982944e-07
3.40681362725 5.99999656581 0.00100031774709 1.00000360085 6.62937600126e-09 -1.66659829444e-07
3.44689378758 5.99999663194 0.000818662403706 1.00000353472 6.36892294191e-09 -1.66659829447e-07
3.4869739479 5.99999667622 0.0006699956024 1.00000349044 6.11870250247e-09 -1.6665982945e-07
3.52705410822 5.99999670588 0.000548326249131 1.00000346078 5.87831266135e-09 -1.66659829453e-07
3.56713426854 5.99999672575 0.00044875165367 1.00000344091 5.64736719337e-09 -1.66659829456e-07
3.60721442886 5.99999673905 0.000367259539712 1.00000342761 5.42549504849e-09 -1.66659829458e-07
3.64729458918 5.99999674797 0.0003005661252 1.00000341869 5.21233975518e-09 -1.6665982946e-07
3.6873747495 5.99999675394 0.000245984058513 1.00000341272 5.00755884737e-09 -1.66659829463e-07
3.72745490982 5.99999675794 0.000201314041918 1.00000340872 4.81082331403e-09 -1.66659829465e-07
3.76753507014 5.99999676061 0.000164755973131 1.00000340605 4.62181707042e-09 -1.66659829466e-07
3.80761523046 5.99999676241 0.000134836719393 1.00000340425 4.44023645017e-09 -1.66659829468e-07
3.84769539078 5.99999676361 0.000110350706964 1.00000340305 4.26578971736e-09 -1.66659829469e-07
3.8877755511 5.99999676441 9.03113028608e-05 1.00000340225 4.0981965978e-09 -1.66659829471e-07
3.92785571142 5.99999676495 7.39110187599e-05 1.00000340171 3.93718782863e-09 -1.66659829472e-07
3.96793587174 5.99999676531 6.048888575e-05 1.00000340135 3.78250472573e-09 -1.66659829473e-07
4.00801603206 5.99999676556 4.95039682486e-05 1.0000034011 3.6338987682e-09 -1.66659829474e-07
4.04809619238 5.99999676572 4.05145829795e-05 1.00000340094 3.49113120039e-09 -1.66659829475e-07
4.08817635271 5.99999676583 3.31576262375e-05 1.00000340083 3.35397264357e-09 -1.66659829476e-07
4.12825651303 5.9999967659 2.71367957934e-05 1.00000340076 3.22220273419e-09 -1.66659829477e-07
4.16833667335 5.99999676595 2.22087954565e-05 1.00000340071 3.09560976205e-09 -1.66659829478e-07
4.20841683367 5.99999676598 1.81756673022e-05 1.00000340068 2.97399033804e-09 -1.66659829479e-07
4.24849699399 5.999996766 1.48751356425e-05 1.00000340066 2.85714906393e-09 -1.66659829479e-07
4.28857715431 5.99999676602 1.21738303299e-05 1.00000340064 2.74489821498e-09 -1.6665982948e-07
4.32865731463 5.99999676603 9.96309817417e-06 1.00000340063 2.63705744547e-09 -1.66659829481e-07
4.36873747495 5.99999676603 8.15401832453e-06 1.00000340063 2.53345349622e-09 -1.66659829481e-07
4.40881763527 5.99999676604 6.67320518566e-06 1.00000340062 2.43391990633e-09 -1.66659829482e-07
4.44889779559 5.99999676604 5.46135371776e-06 1.00000340062 2.33829676544e-09 -1.66659829482e-07
4.48897795591 5.99999676604 4.4694561073e-06 1.00000340062 2.2464304368e-09 -1.66659829483e-07
4.52905811623 5.99999676604 3.65778746682e-06 1.00000340062 2.15817332739e-09 -1.66659829483e-07
4.56913827655 5.99999676604 2.99352805024e-06 1.00000340062 2.07338363733e-09 -1.66659829483e-07
4.60921843687 5.99999676605 2.44988310121e-06 1.00000340061 1.99192513971e-09 -1.66659829484e-07
4.64929859719 5.99999676605 2.00496392061e-06 1.00000340061 1.91366696121e-09 -1.66659829484e-07
4.68937875752 5.99999676605 1.64080560681e-06 1.00000340061 1.83848336245e-09 -1.66659829484e-07
4.72945891784 5.99999676605 1.34285179386e-06 1.00000340061 1.76625356347e-09 -1.66659829485e-07
4.76953907816 5.99999676605 1.09901741437e-06 1.00000340061 1.69686149332e-09 -1.66659829485e-07
4.80961923848 5.99999676605 8.99511955073e-07 1.00000340061 1.63019565161e-09 -1.66659829485e-07
4.8496993988 5.99999676605 7.36028753527e-07 1.00000340061 1.56614895718e-09 -1.66659829485e-07
4.88977955912 5.99999676605 6.02032246121e-07 1.00000340061 1.50461840471e-09 -1.66659829485e-07
4.92985971944 5.99999676605 4.92563671117e-07 1.00000340061 1.44550532152e-09 -1.66659829486e-07
4.96993987976 5.99999676605 4.03041202737e-07 1.00000340061 1.38871460693e-09 -1.66659829486e-07
5.01002004008 5.99999676605 3.29911931557e-07 1.00000340061 1.33415509303e-09 -1.66659829486e-07
5.0501002004 5.99999676605 2.70179671094e-07 1.00000340061 1.28173911289e-09 -1.66659829486e-07
5.09018036072 5.99999676605 2.21238432696e-07 1.00000340061 1.23138239818e-09 -1.66659829486e-07
5.13026052104 5.99999676605 1.81083025501e-07 1.00000340061 1.18300367692e-09 -1.66659829486e-07
5.17034068136 5.99999676605 1.48254183544e-07 1.00000340061 1.1365265052e-09 -1.66659829486e-07
5.21042084168 5.99999676605 1.21381269706e-07 1.00000340061 1.09187531391e-09 -1.66659829486e-07
5.250501002 5.99999676605 9.94382813826e-08 1.00000340061 1.04897991364e-09 -1.66659829487e-07
5.29058116232 5.99999676605 8.15174814744e-08 1.00000340061 1.00776967973e-09 -1.66659829487e-07
5.33066132265 5.99999676605 6.68622643928e-08 1.00000340061 9.68177908042e-10 -1.66659829487e-07
5.37074148297 5.99999676605 5.49010724793e-08 1.00000340061 9.30143469417e-10 -1.66659829487e-07
5.41082164329 5.99999676605 4.49511544634e-08 1.00000340061 8.93601828549e-10 -1.66659829487e-07
5.45090180361 5.99999676605 3.67058422462e-08 1.00000340061 8.58495804356e-10 -1.66659829487e-07
5.49098196393 5.99999676605 2.99574516599e-08 1.00000340061 8.24770155678e-10 -1.66659829487e-07
5.53106212425 5.99999676605 2.39527948235e-08 1.00000340061 7.92256667937e-10 -1.66659829487e-07
5.57114228457 5.99999676605 1.97564751693e-08 1.00000340061 7.61218344041e-10 -1.66659829487e-07
5.61122244489 5.99999676605 1.61588355078e-08 1.00000340061 7.31333751614e-10 -1.66659829487e-07
5.65130260521 5.99999676605 1.31405864566e-08 1.00000340061 7.02590393282e-10 -1.66659829487e-07
5.69138276553 5.99999676605 1.06372251224e-08 1.00000340061 6.74946478347e-10 -1.66659829487e-07
5.73146292585 5.99999676605 8.64356127087e-09 1.00000340061 6.48398644116e-10 -1.66659829487e-07
5.77154308617 5.99999676605 7.08423665299e-09 1.00000340061 6.22909765025e-10 -1.66659829487e-07
5.81162324649 5.99999676605 5.7979991058e-09 1.00000340061 5.9840039951e-10 -1.66659829487e-07
5.85170340681 5.99999676605 4.77947181032e-09 1.00000340061 5.74867898658e-10 -1.66659829487e-07
5.89178356713 5.99999676605 3.96843009859e-09 1.00000340061 5.52267206717e-10 -1.66659829487e-07
5.93186372745 5.99999676605 3.28322865782e-09 1.00000340061 5.30537242553e-10 -1.66659829487e-07
5.97194388778 5.99999676605 2.72334085406e-09 1.00000340061 5.09677543348e-10 -1.66659829487e-07
6.0120240481 5.99999676605 2.25867783789e-09 1.00000340061 4.89636230075e-10 -1.66659829487e-07
6.05210420842 5.99999676605 1.86450412949e-09 1.00000340061 4.70370653959e-10 -1.66659829487e-07
6.09218436874 5.99999676605 1.54038867943e-09 1.00000340061 4.51879426609e-10 -1.66659829487e-07
6.13226452906 5.99999676605 1.26934735876e-09 1.00000340061 4.34107842893e-10 -1.66659829487e-07
6.17234468938 5.99999676605 1.04260609471e-09 1.00000340061 4.17027641908e-10 -1.66659829487e-07
6.2124248497 5.99999676605 8.59290648777e-10 1.00000340061 4.00635160162e-10 -1.66659829487e-07
6.25250501002 5.99999676605 7.06578033139e-10 1.00000340061 3.84876662994e-10 -1.66659829488e-07
6.29258517034 5.99999676605 5.80224286271e-10 1.00000340061 3.69734366106e-10 -1.66659829488e-07
6.33266533066 5.99999676605 4.79091536377e-10 1.00000340061 3.55201696678e-10 -1.66659829488e-07
6.37274549098 5.99999676605 3.94517498222e-10 1.00000340061 3.41228617761e-10 -1.66659829488e-07
6.4128256513 5.99999676605 3.24702232461e-10 1.00000340061 3.27804732159e-10 -1.66659829488e-07
6.45290581162 5.99999676605 2.41458126761e-10 1.00000340061 3.14457829673e-10 -1.66659829488e-07
6.49298597194 5.99999676605 1.47429970113e-10 1.00000340061 3.01232216868e-10 -1.66659829488e-07
6.53306613226 5.99999676605 6.23207289301e-11 1.00000340061 2.8845796575e-10 -1.66659829488e-07
6.57314629259 5.99999676605 -1.38695967886e-11 1.00000340061 2.7613507632e-10 -1.66659829488e-07
6.61322645291 5.99999676605 -8.11410070429e-11 1.00000340061 2.64263548576e-10 -1.66659829488e-07
6.65330661323 5.99999676605 -1.39493501833e-10 1.00000340061 2.5284338252e-10 -1.66659829488e-07
6.69338677355 5.99999676605 -1.88927081159e-10 1.00000340061 2.41874578152e-10 -1.66659829488e-07
6.73346693387 5.99999676605 -2.2944174502e-10 1.00000340061 2.3135713547e-10 -1.66659829488e-07
6.77354709419 5.99999676605 -2.61037493417e-10 1.00000340061 2.21291054475e-10 -1.66659829488e-07
6.81362725451 5.99999676605 -2.83714326349e-10 1.00000340061 2.11676335168e-10 -1.66659829488e-07
6.85370741483 5.99999676605 -2.97472243817e-10 1.00000340061 2.02512977548e-10 -1.66659829488e-07
6.89378757515 5.99999676605 -3.02311245821e-10 1.00000340061 1.93800981615e-10 -1.66659829488e-07
6.93386773547 5.99999676605 -2.98231332361e-10 1.00000340061 1.8554034737e-10 -1.66659829488e-07
6.97394789579 5.99999676605 -2.85232503436e-10 1.00000340061 1.77731074811e-10 -1.66659829488e-07
7.01402805611 5.99999676605 -2.63314759047e-10 1.00000340061 1.7037316394e-10 -1.66659829488e-07
7.05410821643 5.99999676605 -2.32478099193e-10 1.00000340061 1.63466614756e-10 -1.66659829488e-07
7.09418837675 5.99999676605 -2.1039660029e-10 1.00000340061 1.56589116969e-10 -1.66659829488e-07
7.13426853707 5.99999676605 -2.21401803853e-10 1.00000340061 1.49159284593e-10 -1.66659829488e-07
7.17434869739 5.99999676605 -2.30158672809e-10 1.00000340061 1.42021424816e-10 -1.66659829488e-07
7.21442885772 5.99999676605 -2.36667207157e-10 1.00000340061 1.35175537637e-10 -1.66659829488e-07
7.25450901804 5.99999676605 -2.40927406899e-10 1.00000340061 1.28621623057e-10 -1.66659829488e-07
7.29458917836 5.99999676605 -2.42939272033e-10 1.00000340061 1.22359681075e-10 -1.66659829488e-07
7.33466933868 5.99999676605 -2.4270280256e-10 1.00000340061 1.16389711691e-10 -1.66659829488e-07
7.374749499 5.99999676605 -2.4021799848e-10 1.00000340061 1.10711714906e-10 -1.66659829488e-07
7.41482965932 5.99999676605 -2.35484859793e-10 1.00000340061 1.05325690719e-10 -1.66659829488e-07
7.45490981964 5.99999676605 -2.28503386498e-10 1.00000340061 1.00231639131e-10 -1.66659829488e-07
7.49498997996 5.99999676605 -2.19273578597e-10 1.00000340061 9.54295601405e-11 -1.66659829488e-07
7.53507014028 5.99999676605 -2.07795436088e-10 1.00000340061 9.09194537489e-11 -1.66659829488e-07
7.5751503006 5.99999676605 -1.94068958972e-10 1.00000340061 8.67013199556e-11 -1.66659829488e-07
7.61523046092 5.99999676605 -1.78094147249e-10 1.00000340061 8.27751587608e-11 -1.66659829488e-07
7.65531062124 5.99999676605 -1.59871000919e-10 1.00000340061 7.91409701644e-11 -1.66659829488e-07
7.69539078156 5.99999676605 -1.39399519982e-10 1.00000340061 7.57987541664e-11 -1.66659829488e-07
7.73547094188 5.99999676605 -1.18907385039e-10 1.00000340061 5.08621929133e-11 -1.66659829488e-07
7.7755511022 5.99999676605 -1.13292761492e-10 1.00000340061 4.96258149773e-11 -1.66659829488e-07
7.81563126253 5.99999676605 -1.07678137946e-10 1.00000340061 4.83894370413e-11 -1.66659829488e-07
7.85571142285 5.99999676605 -1.02063514399e-10 1.00000340061 4.71530591053e-11 -1.66659829488e-07
7.89579158317 5.99999676605 -9.6448890853e-11 1.00000340061 4.59166811693e-11 -1.66659829488e-07
7.93587174349 5.99999676605 -9.08342673066e-11 1.00000340061 4.46803032333e-11 -1.66659829488e-07
7.97595190381 5.99999676605 -8.52196437602e-11 1.00000340061 4.34439252972e-11 -1.66659829488e-07
8.01603206413 5.99999676605 -7.96050202138e-11 1.00000340061 4.22075473612e-11 -1.66659829488e-07
8.05611222445 5.99999676605 -7.39903966675e-11 1.00000340061 4.09711694252e-11 -1.66659829488e-07
8.09619238477 5.99999676605 -6.83757731211e-11 1.00000340061 3.97347914892e-11 -1.66659829488e-07
8.13627254509 5.99999676605 -6.27611495747e-11 1.00000340061 3.84984135532e-11 -1.66659829488e-07
8.17635270541 5.99999676605 -5.71465260283e-11 1.00000340061 3.72620356172e-11 -1.66659829488e-07
8.21643286573 5.99999676605 -5.15319024819e-11 1.00000340061 3.60256576812e-11 -1.66659829488e-07
8.25651302605 5.99999676605 -4.59172789355e-11 1.00000340061 3.47892797451e-11 -1.66659829488e-07
8.29659318637 5.99999676605 -4.03026553891e-11 1.00000340061 3.35529018091e-11 -1.66659829488e-07
8.33667334669 5.99999676605 -3.46880318428e-11 1.00000340061 3.23165238731e-11 -1.66659829488e-07
8.37675350701 5.99999676605 -2.90734082964e-11 1.00000340061 3.10801459371e-11 -1.66659829488e-07
8.41683366733 5.99999676605 -2.78812369581e-11 1.00000340061 3.07139463879e-11 -1.66659829488e-07
8.45691382766 5.99999676605 -2.77140005871e-11 1.00000340061 3.05494169109e-11 -1.66659829488e-07
8.49699398798 5.99999676605 -2.75467642161e-11 1.00000340061 3.03848874339e-11 -1.66659829488e-07
8.5370741483 5.99999676605 -2.73795278451e-11 1.00000340061 3.0220357957e-11 -1.66659829488e-07
8.57715430862 5.99999676605 -2.72122914741e-11 1.00000340061 3.005582848e-11 -1.66659829488e-07
8.61723446894 5.99999676605 -2.70450551031e-11 1.00000340061 2.9891299003e-11 -1.66659829488e-07
8.65731462926 5.99999676605 -2.68778187321e-11 1.00000340061 2.97267695261e-11 -1.66659829488e-07
8.69739478958 5.99999676605 -2.67105823611e-11 1.00000340061 2.95622400491e-11 -1.66659829488e-07
8.7374749499 5.99999676605 -2.65433459901e-11 1.00000340061 2.93977105721e-11 -1.66659829488e-07
8.77755511022 5.99999676605 -2.63761096191e-11 1.00000340061 2.92331810952e-11 -1.66659829488e-07
8.81763527054 5.99999676605 -2.62088732481e-11 1.00000340061 2.90686516182e-11 -1.66659829488e-07
8.85771543086 5.99999676605 -2.6041636877e-11 1.00000340061 2.89041221412e-11 -1.66659829488e-07
8.89779559118 5.99999676605 -2.5874400506e-11 1.00000340061 2.87395926643e-11 -1.66659829488e-07
8.9378757515 5.99999676605 -2.5707164135e-11 1.00000340061 2.85750631873e-11 -1.66659829488e-07
8.97795591182 5.99999676605 -2.5539927764e-11 1.00000340061 2.84105337103e-11 -1.66659829488e-07
9.01803607214 5.99999676605 -2.5372691393e-11 1.00000340061 2.82460042333e-11 -1.66659829488e-07
9.05811623246 5.99999676605 -2.5205455022e-11 1.00000340061 2.80814747564e-11 -1.66659829488e-07
9.09819639279 5.99999676605 -2.5038218651e-11 1.00000340061 2.79169452794e-11 -1.66659829488e-07
9.13827655311 5.99999676605 -2.487098228e-11 1.00000340061 2.77524158024e-11 -1.66659829488e-07
9.17835671343 5.99999676605 -2.4703745909e-11 1.00000340061 2.75878863255e-11 -1.66659829488e-07
9.21843687375 5.99999676605 -2.4536509538e-11 1.00000340061 2.74233568485e-11 -1.66659829488e-07
9.25851703407 5.99999676605 -2.4369273167e-11 1.00000340061 2.72588273715e-11 -1.66659829488e-07
9.29859719439 5.99999676605 -2.4202036796e-11 1.00000340061 2.70942978946e-11 -1.66659829488e-07
9.33867735471 5.99999676605 -2.40348004249e-11 1.00000340061 2.69297684176e-11 -1.66659829488e-07
9.37875751503 5.99999676605 -2.38675640539e-11 1.00000340061 2.67652389406e-11 -1.66659829488e-07
9.41883767535 5.99999676605 -2.37003276829e-11 1.00000340061 2.66007094637e-11 -1.66659829488e-07
9.45891783567 5.99999676605 -2.35330913119e-11 1.00000340061 2.64361799867e-11 -1.66659829488e-07
9.49899799599 5.99999676605 -2.33658549409e-11 1.00000340061 2.62716505097e-11 -1.66659829488e-07
9.53907815631 5.99999676605 -2.31986185699e-11 1.00000340061 2.61071210327e-11 -1.66659829488e-07
9.57915831663 5.99999676605 -2.30313821989e-11 1.00000340061 2.59425915558e-11 -1.66659829488e-07
9.61923847695 5.99999676605 -2.28641458279e-11 1.00000340061 2.57780620788e-11 -1.66659829488e-07
9.65931863727 5.99999676605 -2.26969094569e-11 1.00000340061 2.56135326018e-11 -1.66659829488e-07
9.6993987976 5.99999676605 -2.25296730859e-11 1.00000340061 2.54490031249e-11 -1.66659829488e-07
9.73947895792 5.99999676605 -2.23624367149e-11 1.00000340061 2.52844736479e-11 -1.66659829488e-07
9.77955911824 5.99999676605 -2.21952003439e-11 1.00000340061 2.51199441709e-11 -1.66659829488e-07
9.81963927856 5.99999676605 -2.20279639728e-11 1.00000340061 2.4955414694e-11 -1.66659829488e-07
9.85971943888 5.99999676605 -2.18607276018e-11 1.00000340061 2.4790885217e-11 -1.66659829488e-07
9.8997995992 5.99999676605 -2.16934912308e-11 1.00000340061 2.462635574e-11 -1.66659829488e-07
9.93987975952 5.99999676605 -2.15262548598e-11 1.00000340061 2.44618262631e-11 -1.66659829488e-07
9.97995991984 5.99999676605 -2.13590184888e-11 1.00000340061 2.42972967861e-11 -1.66659829488e-07
10.0200400802 5.99999676605 -2.11917821178e-11 1.00000340061 2.41327673091e-11 -1.66659829488e-07
10.0601202405 5.99999676605 -2.10245457468e-11 1.00000340061 2.39682378322e-11 -1.66659829488e-07
10.1002004008 5.99999676605 -2.08573093758e-11 1.00000340061 2.38037083552e-11 -1.66659829488e-07
10.1402805611 5.99999676605 -2.06900730048e-11 1.00000340061 2.36391788782e-11 -1.66659829488e-07
10.1803607214 5.99999676605 -2.05228366338e-11 1.00000340061 2.34746494012e-11 -1.66659829488e-07
10.2204408818 5.99999676605 -2.03556002628e-11 1.00000340061 2.33101199243e-11 -1.66659829488e-07
10.2605210421 5.99999676605 -2.01883638917e-11 1.00000340061 2.31455904473e-11 -1.66659829488e-07
10.3006012024 5.99999676605 -2.00211275207e-11 1.00000340061 2.29810609703e-11 -1.66659829488e-07
10.3406813627 5.99999676605 -1.98538911497e-11 1.00000340061 2.28165314934e-11 -1.66659829488e-07
10.380761523 5.99999676605 -1.96866547787e-11 1.00000340061 2.26520020164e-11 -1.66659829488e-07
10.4208416834 5.99999676605 -1.95194184077e-11 1.00000340061 2.24874725394e-11 -1.66659829488e-07
10.4609218437 5.99999676605 -1.93521820367e-11 1.00000340061 2.23229430625e-11 -1.66659829488e-07
10.501002004 5.99999676605 -1.91849456657e-11 1.00000340061 2.21584135855e-11 -1.66659829488e-07
10.5410821643 5.99999676605 -1.90177092947e-11 1.00000340061 2.19938841085e-11 -1.66659829488e-07
10.5811623246 5.99999676605 -1.88504729237e-11 1.00000340061 2.18293546316e-11 -1.66659829488e-07
10.621242485 5.99999676605 -1.86832365527e-11 1.00000340061 2.16648251546e-11 -1.66659829488e-07
10.6613226453 5.99999676605 -1.85160001817e-11 1.00000340061 2.15002956776e-11 -1.66659829488e-07
10.7014028056 5.99999676605 -1.83487638107e-11 1.00000340061 2.13357662006e-11 -1.66659829488e-07
10.7414829659 5.99999676605 -1.81815274396e-11 1.00000340061 2.11712367237e-11 -1.66659829488e-07
10.7815631263 5.99999676605 -1.80142910686e-11 1.00000340061 2.10067072467e-11 -1.66659829488e-07
10.8216432866 5.99999676605 -1.78470546976e-11 1.00000340061 2.08421777697e-11 -1.66659829488e-07
10.8617234469 5.99999676605 -1.76798183266e-11 1.00000340061 2.06776482928e-11 -1.66659829488e-07
10.9018036072 5.99999676605 -1.75125819556e-11 1.00000340061 2.05131188158e-11 -1.66659829488e-07
10.9418837675 5.99999676605 -1.73453455846e-11 1.00000340061 2.03485893388e-11 -1.66659829488e-07
10.9819639279 5.99999676605 -1.71781092136e-11 1.00000340061 2.01840598619e-11 -1.66659829488e-07
11.0220440882 5.99999676605 -1.70108728426e-11 1.00000340061 2.00195303849e-11 -1.66659829488e-07
11.0621242485 5.99999676605 -1.68436364716e-11 1.00000340061 1.98550009079e-11 -1.66659829488e-07
11.1022044088 5.99999676605 -1.66764001006e-11 1.00000340061 1.9690471431e-11 -1.66659829488e-07
11.1422845691 5.99999676605 -1.65091637296e-11 1.00000340061 1.9525941954e-11 -1.66659829488e-07
11.1823647295 5.99999676605 -1.63419273586e-11 1.00000340061 1.9361412477e-11 -1.66659829488e-07
11.2224448898 5.99999676605 -1.61746909875e-11 1.00000340061 1.91968830001e-11 -1.66659829488e-07
11.2625250501 5.99999676605 -1.60074546165e-11 1.00000340061 1.90323535231e-11 -1.66659829488e-07
11.3026052104 5.99999676605 -1.58402182455e-11 1.00000340061 1.88678240461e-11 -1.66659829488e-07
11.3426853707 5.99999676605 -1.56729818745e-11 1.00000340061 1.87032945691e-11 -1.66659829487e-07
11.3827655311 5.99999676605 -1.55057455035e-11 1.00000340061 1.85387650922e-11 -1.66659829487e-07
11.4228456914 5.99999676605 -1.53385091325e-11 1.00000340061 1.83742356152e-11 -1.66659829487e-07
11.4629258517 5.99999676605 -1.51712727615e-11 1.00000340061 1.82097061382e-11 -1.66659829487e-07
11.503006012 5.99999676605 -1.50040363905e-11 1.00000340061 1.80451766613e-11 -1.66659829487e-07
11.5430861723 5.99999676605 -1.48368000195e-11 1.00000340061 1.78806471843e-11 -1.66659829487e-07
11.5831663327 5.99999676605 -1.46695636485e-11 1.00000340061 1.77161177073e-11 -1.66659829487e-07
11.623246493 5.99999676605 -1.45023272775e-11 1.00000340061 1.75515882304e-11 -1.66659829487e-07
11.6633266533 5.99999676605 -1.43350909065e-11 1.00000340061 1.73870587534e-11 -1.66659829487e-07
11.7034068136 5.99999676605 -1.41678545354e-11 1.00000340061 1.72225292764e-11 -1.66659829487e-07
11.7434869739 5.99999676605 -1.40006181644e-11 1.00000340061 1.70579997995e-11 -1.66659829487e-07
11.7835671343 5.99999676605 -1.38333817934e-11 1.00000340061 1.68934703225e-11 -1.66659829487e-07
11.8236472946 5.99999676605 -1.36661454224e-11 1.00000340061 1.67289408455e-11 -1.66659829487e-07
11.8637274549 5.99999676605 -1.34989090514e-11 1.00000340061 1.65644113685e-11 -1.66659829487e-07
11.9038076152 5.99999676605 -1.33316726804e-11 1.00000340061 1.63998818916e-11 -1.66659829487e-07
11.9438877756 5.99999676605 -1.31644363094e-11 1.00000340061 1.62353524146e-11 -1.66659829487e-07
11.9839679359 5.99999676605 -1.29971999384e-11 1.00000340061 1.60708229376e-11 -1.66659829487e-07
12.0240480962 5.99999676605 -1.28299635674e-11 1.00000340061 1.59062934607e-11 -1.66659829487e-07
12.0641282565 5.99999676605 -1.26627271964e-11 1.00000340061 1.57417639837e-11 -1.66659829487e-07
12.1042084168 5.99999676605 -1.24954908254e-11 1.00000340061 1.55772345067e-11 -1.66659829487e-07
12.1442885772 5.99999676605 -1.23282544544e-11 1.00000340061 1.54127050298e-11 -1.66659829487e-07
12.1843687375 5.99999676605 -1.21610180833e-11 1.00000340061 1.52481755528e-11 -1.66659829487e-07
12.2244488978 5.99999676605 -1.19937817123e-11 1.00000340061 1.50836460758e-11 -1.66659829487e-07
12.2645290581 5.99999676605 -1.18265453413e-11 1.00000340061 1.49191165989e-11 -1.66659829487e-07
12.3046092184 5.99999676605 -1.16593089703e-11 1.00000340061 1.47545871219e-11 -1.66659829487e-07
12.3446893788 5.99999676605 -1.14920725993e-11 1.00000340061 1.45900576449e-11 -1.66659829487e-07
12.3847695391 5.99999676605 -1.13248362283e-11 1.00000340061 1.4425528168e-11 -1.66659829487e-07
12.4248496994 5.99999676605 -1.11575998573e-11 1.00000340061 1.4260998691e-11 -1.66659829487e-07
12.4649298597 5.99999676605 -1.09903634863e-11 1.00000340061 1.4096469214e-11 -1.66659829487e-07
12.50501002 5.99999676605 -1.08231271153e-11 1.00000340061 1.3931939737e-11 -1.66659829487e-07
12.5450901804 5.99999676605 -1.06558907443e-11 1.00000340061 1.37674102601e-11 -1.66659829487e-07
12.5851703407 5.99999676605 -1.04886543733e-11 1.00000340061 1.36028807831e-11 -1.66659829487e-07
12.625250501 5.99999676605 -1.03214180022e-11 1.00000340061 1.34383513061e-11 -1.66659829487e-07
12.6653306613 5.99999676605 -1.01541816312e-11 1.00000340061 1.32738218292e-11 -1.66659829487e-07
12.7054108216 5.99999676605 -9.98694526023e-12 1.00000340061 1.31092923522e-11 -1.66659829487e-07
12.745490982 5.99999676605 -9.81970888922e-12 1.00000340061 1.29447628752e-11 -1.66659829487e-07
12.7855711423 5.99999676605 -9.65247251822e-12 1.00000340061 1.27802333983e-11 -1.66659829487e-07
12.8256513026 5.99999676605 -9.48523614721e-12 1.00000340061 1.26157039213e-11 -1.66659829487e-07
12.8657314629 5.99999676605 -9.3179997762e-12 1.00000340061 1.24511744443e-11 -1.66659829487e-07
12.9058116232 5.99999676605 -9.15076340519e-12 1.00000340061 1.22866449674e-11 -1.66659829487e-07
12.9458917836 5.99999676605 -8.98352703418e-12 1.00000340061 1.21221154904e-11 -1.66659829487e-07
12.9859719439 5.99999676605 -8.81629066317e-12 1.00000340061 1.19575860134e-11 -1.66659829487e-07
13.0260521042 5.99999676605 -8.64905429217e-12 1.00000340061 1.17930565364e-11 -1.66659829487e-07
13.0661322645 5.99999676605 -8.48181792116e-12 1.00000340061 1.16285270595e-11 -1.66659829487e-07
13.1062124248 5.99999676605 -8.31458155015e-12 1.00000340061 1.14639975825e-11 -1.66659829487e-07
13.1462925852 5.99999676605 -8.14734517914e-12 1.00000340061 1.12994681055e-11 -1.66659829487e-07
13.1863727455 5.99999676605 -7.98010880813e-12 1.00000340061 1.11349386286e-11 -1.66659829487e-07
13.2264529058 5.99999676605 -7.81287243712e-12 1.00000340061 1.09704091516e-11 -1.66659829487e-07
13.2665330661 5.99999676605 -7.64563606611e-12 1.00000340061 1.08058796746e-11 -1.66659829487e-07
13.3066132265 5.99999676605 -7.47839969511e-12 1.00000340061 1.06413501977e-11 -1.66659829487e-07
13.3466933868 5.99999676605 -7.3111633241e-12 1.00000340061 1.04768207207e-11 -1.66659829487e-07
13.3867735471 5.99999676605 -7.14392695309e-12 1.00000340061 1.03122912437e-11 -1.66659829487e-07
13.4268537074 5.99999676605 -6.97669058208e-12 1.00000340061 1.01477617668e-11 -1.66659829487e-07
13.4669338677 5.99999676605 -6.80945421107e-12 1.00000340061 9.98323228979e-12 -1.66659829487e-07
13.5070140281 5.99999676605 -6.64221784006e-12 1.00000340061 9.81870281282e-12 -1.66659829487e-07
13.5470941884 5.99999676605 -6.47498146905e-12 1.00000340061 9.65417333585e-12 -1.66659829487e-07
13.5871743487 5.99999676605 -6.30774509805e-12 1.00000340061 9.48964385888e-12 -1.66659829487e-07
13.627254509 5.99999676605 -6.14050872704e-12 1.00000340061 9.32511438191e-12 -1.66659829487e-07
13.6673346693 5.99999676605 -5.97327235603e-12 1.00000340061 9.16058490494e-12 -1.66659829487e-07
13.7074148297 5.99999676605 -5.80603598502e-12 1.00000340061 8.99605542797e-12 -1.66659829487e-07
13.74749499 5.99999676605 -5.63879961401e-12 1.00000340061 8.83152595101e-12 -1.66659829487e-07
13.7875751503 5.99999676605 -5.471563243e-12 1.00000340061 8.66699647404e-12 -1.66659829487e-07
13.8276553106 5.99999676605 -5.304326872e-12 1.00000340061 8.50246699707e-12 -1.66659829487e-07
13.8677354709 5.99999676605 -5.13709050099e-12 1.00000340061 8.3379375201e-12 -1.66659829487e-07
13.9078156313 5.99999676605 -4.96985412998e-12 1.00000340061 8.17340804313e-12 -1.66659829487e-07
13.9478957916 5.99999676605 -4.80261775897e-12 1.00000340061 8.00887856616e-12 -1.66659829487e-07
13.9879759519 5.99999676605 -4.63538138796e-12 1.00000340061 7.84434908919e-12 -1.66659829487e-07
14.0280561122 5.99999676605 -4.46814501695e-12 1.00000340061 7.67981961222e-12 -1.66659829487e-07
14.0681362725 5.99999676605 -4.30090864594e-12 1.00000340061 7.51529013525e-12 -1.66659829487e-07
14.1082164329 5.99999676605 -4.13367227494e-12 1.00000340061 7.35076065828e-12 -1.66659829487e-07
14.1482965932 5.99999676605 -3.96643590393e-12 1.00000340061 7.18623118132e-12 -1.66659829487e-07
14.1883767535 5.99999676605 -3.79919953292e-12 1.00000340061 7.02170170435e-12 -1.66659829487e-07
14.2284569138 5.99999676605 -3.63196316191e-12 1.00000340061 6.85717222738e-12 -1.66659829487e-07
14.2685370741 5.99999676605 -3.4647267909e-12 1.00000340061 6.69264275041e-12 -1.66659829487e-07
14.3086172345 5.99999676605 -3.29749041989e-12 1.00000340061 6.52811327344e-12 -1.66659829487e-07
14.3486973948 5.99999676605 -3.13025404889e-12 1.00000340061 6.36358379647e-12 -1.66659829487e-07
14.3887775551 5.99999676605 -2.96301767788e-12 1.00000340061 6.1990543195e-12 -1.66659829487e-07
14.4288577154 5.99999676605 -2.79578130687e-12 1.00000340061 6.03452484253e-12 -1.66659829487e-07
14.4689378758 5.99999676605 -2.62854493586e-12 1.00000340061 5.86999536556e-12 -1.66659829487e-07
14.5090180361 5.99999676605 -2.46130856485e-12 1.00000340061 5.7054658886e-12 -1.66659829487e-07
14.5490981964 5.99999676605 -2.29407219384e-12 1.00000340061 5.54093641163e-12 -1.66659829487e-07
14.5891783567 5.99999676605 -2.12683582283e-12 1.00000340061 5.37640693466e-12 -1.66659829487e-07
14.629258517 5.99999676605 -1.95959945183e-12 1.00000340061 5.21187745769e-12 -1.66659829487e-07
14.6693386774 5.99999676605 -1.79236308082e-12 1.00000340061 5.04734798072e-12 -1.66659829487e-07
14.7094188377 5.99999676605 -1.62512670981e-12 1.00000340061 4.88281850375e-12 -1.66659829487e-07
14.749498998 5.99999676605 -1.4578903388e-12 1.00000340061 4.71828902678e-12 -1.66659829487e-07
14.7895791583 5.99999676605 -1.29065396779e-12 1.00000340061 4.55375954981e-12 -1.66659829487e-07
14.8296593186 5.99999676605 -1.12341759678e-12 1.00000340061 4.38923007284e-12 -1.66659829487e-07
14.869739479 5.99999676605 -9.56181225775e-13 1.00000340061 4.22470059587e-12 -1.66659829487e-07
14.9098196393 5.99999676605 -8.33149075295e-13 1.00000340061 4.09903008153e-12 -1.66659829487e-07
14.9498997996 5.99999676605 -8.28167823102e-13 1.00000340061 4.0771355277e-12 -1.66659829487e-07
14.9899799599 5.99999676605 -8.2318657091e-13 1.00000340061 4.05524097387e-12 -1.66659829487e-07
15.0300601202 5.99999676605 -8.18205318718e-13 1.00000340061 4.03334642004e-12 -1.66659829487e-07
15.0701402806 5.99999676605 -8.13224066526e-13 1.00000340061 4.01145186621e-12 -1.66659829487e-07
15.1102204409 5.99999676605 -8.08242814334e-13 1.00000340061 3.98955731238e-12 -1.66659829487e-07
15.1503006012 5.99999676605 -8.03261562142e-13 1.00000340061 3.96766275855e-12 -1.66659829487e-07
15.1903807615 5.99999676605 -7.98280309949e-13 1.00000340061 3.94576820472e-12 -1.66659829487e-07
15.2304609218 5.99999676605 -7.93299057757e-13 1.00000340061 3.92387365089e-12 -1.66659829487e-07
15.2705410822 5.99999676605 -7.88317805565e-13 1.00000340061 3.90197909706e-12 -1.66659829487e-07
15.3106212425 5.99999676605 -7.83336553373e-13 1.00000340061 3.88008454323e-12 -1.66659829487e-07
15.3507014028 5.99999676605 -7.78355301181e-13 1.00000340061 3.85818998941e-12 -1.66659829487e-07
15.3907815631 5.99999676605 -7.73374048988e-13 1.00000340061 3.83629543558e-12 -1.66659829487e-07
15.4308617234 5.99999676605 -7.68392796796e-13 1.00000340061 3.81440088175e-12 -1.66659829487e-07
15.4709418838 5.99999676605 -7.63411544604e-13 1.00000340061 3.79250632792e-12 -1.66659829487e-07
15.5110220441 5.99999676605 -7.58430292412e-13 1.00000340061 3.77061177409e-12 -1.66659829487e-07
15.5511022044 5.99999676605 -7.5344904022e-13 1.00000340061 3.74871722026e-12 -1.66659829487e-07
15.5911823647 5.99999676605 -7.48467788027e-13 1.00000340061 3.72682266643e-12 -1.66659829487e-07
15.6312625251 5.99999676605 -7.43486535835e-13 1.00000340061 3.7049281126e-12 -1.66659829487e-07
15.6713426854 5.99999676605 -7.38505283643e-13 1.00000340061 3.68303355877e-12 -1.66659829487e-07
15.7114228457 5.99999676605 -7.33524031451e-13 1.00000340061 3.66113900494e-12 -1.66659829487e-07
15.751503006 5.99999676605 -7.28542779259e-13 1.00000340061 3.63924445111e-12 -1.66659829487e-07
15.7915831663 5.99999676605 -7.23561527067e-13 1.00000340061 3.61734989728e-12 -1.66659829487e-07
15.8316633267 5.99999676605 -7.18580274874e-13 1.00000340061 3.59545534345e-12 -1.66659829487e-07
15.871743487 5.99999676605 -7.13599022682e-13 1.00000340061 3.57356078962e-12 -1.66659829487e-07
15.9118236473 5.99999676605 -7.0861777049e-13 1.00000340061 3.55166623579e-12 -1.66659829487e-07
15.9519038076 5.99999676605 -7.03636518298e-13 1.00000340061 3.52977168196e-12 -1.66659829487e-07
15.9919839679 5.99999676605 -6.98655266106e-13 1.00000340061 3.50787712814e-12 -1.66659829487e-07
16.0320641283 5.99999676605 -6.93674013913e-13 1.00000340061 3.48598257431e-12 -1.66659829487e-07
16.0721442886 5.99999676605 -6.88692761721e-13 1.00000340061 3.46408802048e-12 -1.66659829487e-07
16.1122244489 5.99999676605 -6.83711509529e-13 1.00000340061 3.44219346665e-12 -1.66659829487e-07
16.1523046092 5.99999676605 -6.78730257337e-13 1.00000340061 3.42029891282e-12 -1.66659829487e-07
16.1923847695 5.99999676605 -6.73749005145e-13 1.00000340061 3.39840435899e-12 -1.66659829487e-07
16.2324649299 5.99999676605 -6.68767752952e-13 1.00000340061 3.37650980516e-12 -1.66659829487e-07
16.2725450902 5.99999676605 -6.6378650076e-13 1.00000340061 3.35461525133e-12 -1.66659829487e-07
16.3126252505 5.99999676605 -6.58805248568e-13 1.00000340061 3.3327206975e-12 -1.66659829487e-07
16.3527054108 5.99999676605 -6.53823996376e-13 1.00000340061 3.31082614367e-12 -1.66659829487e-07
16.3927855711 5.99999676605 -6.48842744184e-13 1.00000340061 3.28893158984e-12 -1.66659829487e-07
16.4328657315 5.99999676605 -6.43861491992e-13 1.00000340061 3.26703703601e-12 -1.66659829487e-07
16.4729458918 5.99999676605 -6.38880239799e-13 1.00000340061 3.24514248218e-12 -1.66659829487e-07
16.5130260521 5.99999676605 -6.33898987607e-13 1.00000340061 3.22324792835e-12 -1.66659829487e-07
16.5531062124 5.99999676605 -6.28917735415e-13 1.00000340061 3.20135337452e-12 -1.66659829487e-07
16.5931863727 5.99999676605 -6.23936483223e-13 1.00000340061 3.1794588207e-12 -1.66659829487e-07
16.6332665331 5.99999676605 -6.18955231031e-13 1.00000340061 3.15756426687e-12 -1.66659829487e-07
16.6733466934 5.99999676605 -6.13973978838e-13 1.00000340061 3.13566971304e-12 -1.66659829487e-07
16.7134268537 5.99999676605 -6.08992726646e-13 1.00000340061 3.11377515921e-12 -1.66659829487e-07
16.753507014 5.99999676605 -6.04011474454e-13 1.00000340061 3.09188060538e-12 -1.66659829487e-07
16.7935871743 5.99999676605 -5.99030222262e-13 1.00000340061 3.06998605155e-12 -1.66659829487e-07
16.8336673347 5.99999676605 -5.9404897007e-13 1.00000340061 3.04809149772e-12 -1.66659829487e-07
16.873747495 5.99999676605 -5.89067717877e-13 1.00000340061 3.02619694389e-12 -1.66659829487e-07
16.9138276553 5.99999676605 -5.84086465685e-13 1.00000340061 3.00430239006e-12 -1.66659829487e-07
16.9539078156 5.99999676605 -5.79105213493e-13 1.00000340061 2.98240783623e-12 -1.66659829487e-07
16.993987976 5.99999676605 -5.74123961301e-13 1.00000340061 2.9605132824e-12 -1.66659829487e-07
17.0340681363 5.99999676605 -5.69142709109e-13 1.00000340061 2.93861872857e-12 -1.66659829487e-07
17.0741482966 5.99999676605 -5.64161456917e-13 1.00000340061 2.91672417474e-12 -1.66659829487e-07
17.1142284569 5.99999676605 -5.59180204724e-13 1.00000340061 2.89482962091e-12 -1.66659829487e-07
17.1543086172 5.99999676605 -5.54198952532e-13 1.00000340061 2.87293506708e-12 -1.66659829487e-07
17.1943887776 5.99999676605 -5.4921770034e-13 1.00000340061 2.85104051325e-12 -1.66659829487e-07
17.2344689379 5.99999676605 -5.44236448148e-13 1.00000340061 2.82914595943e-12 -1.66659829487e-07
17.2745490982 5.99999676605 -5.39255195956e-13 1.00000340061 2.8072514056e-12 -1.66659829487e-07
17.3146292585 5.99999676605 -5.34273943763e-13 1.00000340061 2.78535685177e-12 -1.66659829487e-07
17.3547094188 5.99999676605 -5.29292691571e-13 1.00000340061 2.76346229794e-12 -1.66659829487e-07
17.3947895792 5.99999676605 -5.24311439379e-13 1.00000340061 2.74156774411e-12 -1.66659829487e-07
17.4348697395 5.99999676605 -5.19330187187e-13 1.00000340061 2.71967319028e-12 -1.66659829487e-07
17.4749498998 5.99999676605 -5.14348934995e-13 1.00000340061 2.69777863645e-12 -1.66659829487e-07
17.5150300601 5.99999676605 -5.09367682802e-13 1.00000340061 2.67588408262e-12 -1.66659829487e-07
17.5551102204 5.99999676605 -5.0438643061e-13 1.00000340061 2.65398952879e-12 -1.66659829487e-07
17.5951903808 5.99999676605 -4.99405178418e-13 1.00000340061 2.63209497496e-12 -1.66659829487e-07
17.6352705411 5.99999676605 -4.94423926226e-13 1.00000340061 2.61020042113e-12 -1.66659829487e-07
17.6753507014 5.99999676605 -4.89442674034e-13 1.00000340061 2.5883058673e-12 -1.66659829487e-07
17.7154308617 5.99999676605 -4.84461421841e-13 1.00000340061 2.56641131347e-12 -1.66659829487e-07
17.755511022 5.99999676605 -4.79480169649e-13 1.00000340061 2.54451675964e-12 -1.66659829487e-07
17.7955911824 5.99999676605 -4.74498917457e-13 1.00000340061 2.52262220581e-12 -1.66659829487e-07
17.8356713427 5.99999676605 -4.69517665265e-13 1.00000340061 2.50072765198e-12 -1.66659829487e-07
17.875751503 5.99999676605 -4.64536413073e-13 1.00000340061 2.47883309816e-12 -1.66659829487e-07
17.9158316633 5.99999676605 -4.59555160881e-13 1.00000340061 2.45693854433e-12 -1.66659829487e-07
17.9559118236 5.99999676605 -4.54573908688e-13 1.00000340061 2.4350439905e-12 -1.66659829487e-07
17.995991984 5.99999676605 -4.49592656496e-13 1.00000340061 2.41314943667e-12 -1.66659829487e-07
18.0360721443 5.99999676605 -4.44611404304e-13 1.00000340061 2.39125488284e-12 -1.66659829487e-07
18.0761523046 5.99999676605 -4.39630152112e-13 1.00000340061 2.36936032901e-12 -1.66659829487e-07
18.1162324649 5.99999676605 -4.3464889992e-13 1.00000340061 2.34746577518e-12 -1.66659829487e-07
18.1563126253 5.99999676605 -4.29667647727e-13 1.00000340061 2.32557122135e-12 -1.66659829487e-07
18.1963927856 5.99999676605 -4.24686395535e-13 1.00000340061 2.30367666752e-12 -1.66659829487e-07
18.2364729459 5.99999676605 -4.19705143343e-13 1.00000340061 2.28178211369e-12 -1.66659829487e-07
18.2765531062 5.99999676605 -4.14723891151e-13 1.00000340061 2.25988755986e-12 -1.66659829487e-07
18.3166332665 5.99999676605 -4.09742638959e-13 1.00000340061 2.23799300603e-12 -1.66659829487e-07
18.3567134269 5.99999676605 -4.04761386766e-13 1.00000340061 2.2160984522e-12 -1.66659829487e-07
18.3967935872 5.99999676605 -3.99780134574e-13 1.00000340061 2.19420389837e-12 -1.66659829487e-07
18.4368737475 5.99999676605 -3.94798882382e-13 1.00000340061 2.17230934454e-12 -1.66659829487e-07
18.4769539078 5.99999676605 -3.8981763019e-13 1.00000340061 2.15041479072e-12 -1.66659829487e-07
18.5170340681 5.99999676605 -3.84836377998e-13 1.00000340061 2.12852023689e-12 -1.66659829487e-07
18.5571142285 5.99999676605 -3.79855125806e-13 1.00000340061 2.10662568306e-12 -1.66659829487e-07
18.5971943888 5.99999676605 -3.74873873613e-13 1.00000340061 2.08473112923e-12 -1.66659829487e-07
18.6372745491 5.99999676605 -3.69892621421e-13 1.00000340061 2.0628365754e-12 -1.66659829487e-07
18.6773547094 5.99999676605 -3.64911369229e-13 1.00000340061 2.04094202157e-12 -1.66659829487e-07
18.7174348697 5.99999676605 -3.59930117037e-13 1.00000340061 2.01904746774e-12 -1.66659829487e-07
18.7575150301 5.99999676605 -3.54948864845e-13 1.00000340061 1.99715291391e-12 -1.66659829487e-07
18.7975951904 5.99999676605 -3.49967612652e-13 1.00000340061 1.97525836008e-12 -1.66659829487e-07
18.8376753507 5.99999676605 -3.4498636046e-13 1.00000340061 1.95336380625e-12 -1.66659829487e-07
18.877755511 5.99999676605 -3.40005108268e-13 1.00000340061 1.93146925242e-12 -1.66659829487e-07
18.9178356713 5.99999676605 -3.35023856076e-13 1.00000340061 1.90957469859e-12 -1.66659829487e-07
18.9579158317 5.99999676605 -3.30042603884e-13 1.00000340061 1.88768014476e-12 -1.66659829487e-07
18.997995992 5.99999676605 -3.25061351691e-13 1.00000340061 1.86578559093e-12 -1.66659829487e-07
19.0380761523 5.99999676605 -3.20080099499e-13 1.00000340061 1.8438910371e-12 -1.66659829487e-07
19.0781563126 5.99999676605 -3.15098847307e-13 1.00000340061 1.82199648327e-12 -1.66659829487e-07
19.1182364729 5.99999676605 -3.10117595115e-13 1.00000340061 1.80010192945e-12 -1.66659829487e-07
19.1583166333 5.99999676605 -3.05136342923e-13 1.00000340061 1.77820737562e-12 -1.66659829487e-07
19.1983967936 5.99999676605 -3.00155090731e-13 1.00000340061 1.75631282179e-12 -1.66659829487e-07
19.2384769539 5.99999676605 -2.95173838538e-13 1.00000340061 1.73441826796e-12 -1.66659829487e-07
19.2785571142 5.99999676605 -2.90192586346e-13 1.00000340061 1.71252371413e-12 -1.66659829487e-07
19.3186372745 5.99999676605 -2.85211334154e-13 1.00000340061 1.6906291603e-12 -1.66659829487e-07
19.3587174349 5.99999676605 -2.80230081962e-13 1.00000340061 1.66873460647e-12 -1.66659829487e-07
19.3987975952 5.99999676605 -2.7524882977e-13 1.00000340061 1.64684005264e-12 -1.66659829487e-07
19.4388777555 5.99999676605 -2.70267577577e-13 1.00000340061 1.62494549881e-12 -1.66659829487e-07
19.4789579158 5.99999676605 -2.65286325385e-13 1.00000340061 1.60305094498e-12 -1.66659829487e-07
19.5190380762 5.99999676605 -2.60305073193e-13 1.00000340061 1.58115639115e-12 -1.66659829487e-07
19.5591182365 5.99999676605 -2.55323821001e-13 1.00000340061 1.55926183732e-12 -1.66659829487e-07
19.5991983968 5.99999676605 -2.50342568809e-13 1.00000340061 1.53736728349e-12 -1.66659829487e-07
19.6392785571 5.99999676605 -2.45361316616e-13 1.00000340061 1.51547272966e-12 -1.66659829487e-07
19.6793587174 5.99999676605 -2.40380064424e-13 1.00000340061 1.49357817583e-12 -1.66659829487e-07
19.7194388778 5.99999676605 -2.35398812232e-13 1.00000340061 1.47168362201e-12 -1.66659829487e-07
19.7595190381 5.99999676605 -2.3041756004e-13 1.00000340061 1.44978906818e-12 -1.66659829487e-07
19.7995991984 5.99999676605 -2.25436307848e-13 1.00000340061 1.42789451435e-12 -1.66659829487e-07
19.8396793587 5.99999676605 -2.20455055656e-13 1.00000340061 1.40599996052e-12 -1.66659829487e-07
19.879759519 5.99999676605 -2.15473803463e-13 1.00000340061 1.38410540669e-12 -1.66659829487e-07
19.9198396794 5.99999676605 -2.10492551271e-13 1.00000340061 1.36221085286e-12 -1.66659829487e-07
19.9599198397 5.99999676605 -2.05511299079e-13 1.00000340061 1.34031629903e-12 -1.66659829487e-07
20.0 5.99999676605 -2.00530046887e-13 1.00000340061 1.3184217452e-12 -1.66659829487e-07
