0.0 9.0 0.001 7.0 0.001 1.0
0.0400801603206 9.00000007406 0.00092296845706 6.99999998956 0.000786254648735 0.999999936374
0.0801603206413 9.00000013716 0.000851870766576 6.9999999658 0.000618197208569 0.999999897046
0.120240480962 9.00000019091 0.000786249708216 6.99999993638 0.000486052638767 0.999999872714
0.160320641283 9.00000023669 0.000725683572161 6.99999990563 0.000382157086245 0.999999857674
0.200400801603 9.0000002757 0.000669782958639 6.99999987593 0.000300469757791 0.999999848378
0.240480961924 9.00000030892 0.00061818840501 6.99999984845 0.00023623862789 0.999999842625
0.280561122244 9.00000033723 0.000570568309046 6.99999982369 0.000185745562712 0.999999839079
0.320641282565 9.00000036134 0.000526616627637 6.99999980173 0.000146066712265 0.999999836937
0.360721442886 9.00000038188 0.00048605042601 6.99999978256 0.000114833461362 0.999999835561
0.400801603206 9.00000039937 0.000448609174724 6.9999997659 9.02901699711e-05 0.999999834729
0.440881763527 9.00000041428 0.00041405206698 6.99999975151 7.09929528853e-05 0.99999983421
0.480961923848 9.00000042698 0.000382156949638 6.99999973913 5.58162097768e-05 0.999999833889
0.521042084168 9.00000043779 0.000352718767164 6.99999972851 4.38861434658e-05 0.999999833691
0.561122244489 9.00000044701 0.000325548255986 6.99999971942 3.45057919639e-05 0.999999833569
0.60120240481 9.00000045486 0.00030047073698 6.99999971165 2.71300319096e-05 0.999999833493
0.64128256513 9.00000046154 0.000277324981912 6.99999970501 2.13311032678e-05 0.999999833447
0.681362725451 9.00000046724 0.000255962182752 6.99999969934 1.67719796803e-05 0.999999833418
0.721442885772 9.00000047209 0.000236244995211 6.99999969451 1.31869070555e-05 0.9999998334
0.761523046092 9.00000047623 0.000218046653461 6.99999969038 1.03680676644e-05 0.999999833389
0.801603206413 9.00000047975 0.000201250160176 6.99999968687 8.15188163555e-06 0.999999833382
0.841683366733 9.00000048275 0.000185747516912 6.99999968387 6.4093411173e-06 0.999999833378
0.881763527054 9.0000004853 0.000171439091886 6.99999968132 5.03940941634e-06 0.999999833375
0.921843687375 9.00000048748 0.00015823284577 6.99999967915 3.96226589762e-06 0.999999833374
0.961923847695 9.00000048933 0.00014604388244 6.99999967729 3.11530728904e-06 0.999999833373
1.00200400802 9.00000049091 0.000134793769688 6.99999967571 2.44869822154e-06 0.999999833372
1.04208416834 9.00000049226 0.000124410311881 6.99999967437 1.92498389815e-06 0.999999833372
1.08216432866 9.00000049341 0.00011482666025 6.99999967322 1.51332991212e-06 0.999999833372
1.12224448898 9.00000049438 0.000105981324522 6.99999967225 1.19021418255e-06 0.999999833372
1.1623246493 9.00000049522 9.78159421136e-05 6.99999967141 9.34708233899e-07 0.999999833371
1.20240480962 9.00000049592 9.02821950241e-05 6.9999996707 7.3602639921e-07 0.999999833371
1.24248496994 9.00000049653 8.33276587879e-05 6.9999996701 5.78813105346e-07 0.999999833371
1.28256513026 9.00000049704 7.69096992229e-05 6.99999966959 4.55513992182e-07 0.999999833371
1.32264529058 9.00000049748 7.09858722339e-05 6.99999966915 3.58587418405e-07 0.999999833371
1.3627254509 9.00000049785 6.55189285203e-05 6.99999966878 2.8253539527e-07 0.999999833371
1.40280561122 9.00000049817 6.04727827754e-05 6.99999966846 2.22268611426e-07 0.999999833371
1.44288577154 9.00000049844 5.58152729927e-05 6.99999966819 1.74479338866e-07 0.999999833371
1.48296593186 9.00000049867 5.15165475044e-05 6.99999966796 1.36849171547e-07 0.999999833371
1.52304609218 9.00000049887 4.75487046301e-05 6.99999966776 1.07209248412e-07 0.999999833371
1.56312625251 9.00000049903 4.38867508195e-05 6.9999996676 8.40855770839e-08 0.999999833371
1.60320641283 9.00000049918 4.0506586937e-05 6.99999966745 6.59798342988e-08 0.999999833371
1.64328657315 9.0000004993 3.73873908473e-05 6.99999966733 5.18711150262e-08 0.999999833371
1.68336673347 9.0000004994 3.45076534437e-05 6.99999966723 4.064573674e-08 0.999999833371
1.72344689379 9.00000049949 3.18503218398e-05 6.99999966714 3.18692288491e-08 0.999999833371
1.76352705411 9.00000049956 2.93971453914e-05 6.99999966707 2.49114520067e-08 0.999999833371
1.80360721443 9.00000049963 2.71332259559e-05 6.999999667 1.94665382529e-08 0.999999833371
1.84368737475 9.00000049968 2.50447057231e-05 6.99999966695 1.52777553328e-08 0.999999833371
1.88376753507 9.00000049973 2.31148504226e-05 6.9999996669 1.19082785606e-08 0.999999833371
1.92384769539 9.00000049977 2.13347281841e-05 6.99999966686 9.33139778825e-09 0.999999833371
1.96392785571 9.0000004998 1.96911514586e-05 6.99999966683 7.28802024444e-09 0.999999833371
2.00400801603 9.00000049983 1.81736768403e-05 6.9999996668 5.64135592137e-09 0.999999833371
2.04408817635 9.00000049985 1.67726460442e-05 6.99999966677 4.30076248458e-09 0.999999833371
2.08416833667 9.00000049988 1.54798672017e-05 6.99999966675 3.24809270456e-09 0.999999833371
2.12424849699 9.00000049989 1.42868202805e-05 6.99999966674 2.43260840112e-09 0.999999833371
2.16432865731 9.00000049991 1.3185232169e-05 6.99999966672 1.80442468212e-09 0.999999833371
2.20440881764 9.00000049992 1.21686103676e-05 6.99999966671 1.40370230444e-09 0.999999833371
2.24448897796 9.00000049993 1.12312832568e-05 6.9999996667 1.29637368953e-09 0.999999833371
2.28456913828 9.00000049994 1.03664701282e-05 6.99999966669 1.35478420786e-09 0.999999833371
2.3246492986 9.00000049995 9.56820406729e-06 6.99999966668 1.47624551422e-09 0.999999833371
2.36472945892 9.00000049996 8.83138750726e-06 6.99999966667 1.58934971426e-09 0.999999833371
2.40480961924 9.00000049996 8.15134162253e-06 6.99999966667 1.63006919894e-09 0.999999833371
2.44488977956 9.00000049997 7.52348638781e-06 6.99999966666 1.58748120031e-09 0.999999833371
2.48496993988 9.00000049997 6.94383874504e-06 6.99999966666 1.4325720053e-09 0.999999833371
2.5250501002 9.00000049998 6.40887249349e-06 6.99999966665 1.1382608297e-09 0.999999833371
2.56513026052 9.00000049998 5.91518463226e-06 6.99999966665 7.32129594038e-10 0.999999833371
2.60521042084 9.00000049998 5.45940928008e-06 6.99999966665 3.10118066243e-10 0.999999833371
2.64529058116 9.00000049998 5.038714547e-06 6.99999966665 -4.25271725551e-11 0.999999833371
2.68537074148 9.00000049999 4.6505664966e-06 6.99999966664 -2.22521811399e-10 0.999999833371
2.7254509018 9.00000049999 4.29222033558e-06 6.99999966664 -2.58331511813e-10 0.999999833371
2.76553106212 9.00000049999 3.96124263441e-06 6.99999966664 -1.56134606438e-10 0.999999833371
2.80561122244 9.00000049999 3.65560957148e-06 6.99999966664 1.29156563982e-10 0.999999833371
2.84569138277 9.00000049999 3.37355011481e-06 6.99999966664 6.47639612197e-10 0.999999833371
2.88577154309 9.00000049999 3.11354602205e-06 6.99999966664 1.45442210445e-09 0.999999833371
2.92585170341 9.00000049999 2.87398113876e-06 6.99999966664 2.52262191705e-09 0.999999833371
2.96593186373 9.00000049999 2.65280015742e-06 6.99999966664 3.65871456202e-09 0.999999833371
3.00601202405 9.00000049999 2.44857398231e-06 6.99999966664 4.76682146757e-09 0.999999833371
3.04609218437 9.00000049999 2.26004832539e-06 6.99999966663 5.73672878639e-09 0.999999833371
3.08617234469 9.00000049999 2.08612518302e-06 6.99999966663 6.43929228825e-09 0.999999833371
3.12625250501 9.00000049999 1.92582777116e-06 6.99999966663 6.74083603267e-09 0.999999833371
3.16633266533 9.0000005 1.77787176414e-06 6.99999966663 6.67921437791e-09 0.999999833371
3.20641282565 9.0000005 1.64120095649e-06 6.99999966663 6.24385341606e-09 0.999999833371
3.24649298597 9.0000005 1.51495831172e-06 6.99999966663 5.38763918831e-09 0.999999833371
3.28657314629 9.0000005 1.39839044559e-06 6.99999966663 4.06613970097e-09 0.999999833371
3.32665330661 9.0000005 1.29084762607e-06 6.99999966663 2.23760492546e-09 0.999999833371
3.36673346693 9.0000005 1.19162623184e-06 6.99999966663 1.69640982322e-11 0.999999833371
3.40681362725 9.0000005 1.09994185405e-06 6.99999966663 -2.29788110072e-09 0.999999833371
3.44689378758 9.0000005 1.01523073339e-06 6.99999966663 -4.52071230483e-09 0.999999833371
3.4869739479 9.0000005 9.3700134686e-07 6.99999966663 -6.43192003101e-09 0.999999833371
3.52705410822 9.0000005 8.6483318484e-07 6.99999966663 -7.77730827871e-09 0.999999833371
3.56713426854 9.0000005 7.97255618071e-07 6.99999966663 -8.05496729495e-09 0.999999833371
3.60721442886 9.0000005 7.3652071199e-07 6.99999966663 -8.09013017607e-09 0.999999833371
3.64729458918 9.0000005 6.80130898322e-07 6.99999966663 -7.36298849674e-09 0.999999833371
3.6873747495 9.0000005 6.27887337736e-07 6.99999966663 -5.85095300547e-09 0.999999833371
3.72745490982 9.0000005 5.79591190903e-07 6.99999966663 -3.53143445078e-09 0.999999833371
3.76753507014 9.0000005 5.35043578488e-07 6.99999966663 -3.82272748262e-10 0.999999833371
3.80761523046 9.0000005 4.93960594785e-07 6.99999966663 2.70651665567e-09 0.999999833371
3.84769539078 9.0000005 4.55991825783e-07 6.99999966663 4.13140740172e-09 0.999999833371
3.8877755511 9.0000005 4.20869907984e-07 6.99999966663 3.4428987023e-09 0.999999833371
3.92785571142 9.0000005 3.8844422134e-07 6.99999966663 2.20017477609e-09 0.999999833371
3.96793587174 9.0000005 3.58519311193e-07 6.99999966663 1.11589264103e-09 0.999999833371
4.00801603206 9.0000005 3.30908142706e-07 6.99999966663 3.70503376081e-10 0.999999833371
4.04809619238 9.0000005 3.05166225906e-07 6.99999966663 -1.53873943495e-10 0.999999833371
4.08817635271 9.0000005 2.81863143155e-07 6.99999966663 3.44728685902e-10 0.999999833371
4.12825651303 9.0000005 2.60192592314e-07 6.99999966663 5.67165821483e-10 0.999999833371
4.16833667335 9.0000005 2.4010834079e-07 6.99999966663 5.85897765244e-10 0.999999833371
4.20841683367 9.0000005 2.21537282632e-07 6.99999966663 5.15503411708e-10 0.999999833371
4.24849699399 9.0000005 2.04447270188e-07 6.99999966663 3.71966808545e-10 0.999999833371
4.28857715431 9.0000005 1.88639863657e-07 6.99999966663 2.4775924344e-10 0.999999833371
4.32865731463 9.0000005 1.74079093606e-07 6.99999966663 1.59137477621e-10 0.999999833371
4.36873747495 9.0000005 1.60636097693e-07 6.99999966663 1.00367826943e-10 0.999999833371
4.40881763527 9.0000005 1.48220758263e-07 6.99999966663 6.74405383567e-11 0.999999833371
4.44889779559 9.0000005 1.36788573155e-07 6.99999966663 5.4808581731e-11 0.999999833371
4.48897795591 9.0000005 1.262122279e-07 6.99999966663 4.66026776039e-11 0.999999833371
4.52905811623 9.0000005 1.16476589522e-07 6.99999966663 4.1629544771e-11 0.999999833371
4.56913827655 9.0000005 1.07475684065e-07 6.99999966663 3.68117580784e-11 0.999999833371
4.60921843687 9.0000005 9.91745037169e-08 6.99999966663 3.11327099736e-11 0.999999833371
4.64929859719 9.0000005 9.15210869917e-08 6.99999966663 2.52264202972e-11 0.999999833371
4.68937875752 9.0000005 8.44454367688e-08 6.99999966663 1.99469747805e-11 0.999999833371
4.72945891784 9.0000005 7.79249599506e-08 6.99999966663 1.5299030516e-11 0.999999833371
4.76953907816 9.0000005 7.18414489233e-08 6.99999966663 1.12830111489e-11 0.999999833371
4.80961923848 9.0000005 6.61775215173e-08 6.99999966663 7.89897897561e-12 0.999999833371
4.8496993988 9.0000005 6.09331777327e-08 6.99999966663 5.14693399594e-12 0.999999833371
4.88977955912 9.0000005 5.61084175695e-08 6.99999966663 3.02687620994e-12 0.999999833371
4.92985971944 9.0000005 5.17032410277e-08 6.99999966663 1.5388056176e-12 0.999999833371
4.96993987976 9.0000005 4.77176481073e-08 6.99999966663 6.8272221894e-13 0.999999833371
5.01002004008 9.0000005 4.41390042408e-08 6.99999966663 4.48592332431e-13 0.999999833371
5.0501002004 9.0000005 4.08230545956e-08 6.99999966663 7.21856669762e-13 0.999999833371
5.09018036072 9.0000005 3.77289979338e-08 6.99999966663 1.47011312239e-12 0.999999833371
5.13026052104 9.0000005 3.48568342555e-08 6.99999966663 2.69336169031e-12 0.999999833371
5.17034068136 9.0000005 3.22065635607e-08 6.99999966663 4.39160237353e-12 0.999999833371
5.21042084168 9.0000005 2.97781858493e-08 6.99999966663 6.56483517204e-12 0.999999833371
5.250501002 9.0000005 2.75717011215e-08 6.99999966663 9.21306008584e-12 0.999999833371
5.29058116232 9.0000005 2.55852299591e-08 6.99999966663 1.2330383309e-11 0.999999833371
5.33066132265 9.0000005 2.37468751355e-08 6.99999966663 1.56913370166e-11 0.999999833371
5.37074148297 9.0000005 2.20198695754e-08 6.99999966663 1.9180620621e-11 0.999999833371
5.41082164329 9.0000005 2.0404213279e-08 6.99999966663 2.27982341222e-11 0.999999833371
5.45090180361 9.0000005 1.88999062461e-08 6.99999966663 2.65441775202e-11 0.999999833371
5.49098196393 9.0000005 1.75069484768e-08 6.99999966663 3.04184508151e-11 0.999999833371
5.53106212425 9.0000005 1.6225339971e-08 6.99999966663 3.44210540068e-11 0.999999833371
5.57114228457 9.0000005 1.5055077705e-08 6.99999966663 3.85519597886e-11 0.999999833371
5.61122244489 9.0000005 1.3971855311e-08 6.99999966663 4.25916716836e-11 0.999999833371
5.65130260521 9.0000005 1.29524298872e-08 6.99999966663 4.63302967496e-11 0.999999833371
5.69138276553 9.0000005 1.19968014336e-08 6.99999966663 4.97678349864e-11 0.999999833371
5.73146292585 9.0000005 1.11049699504e-08 6.99999966663 5.29042863941e-11 0.999999833371
5.77154308617 9.0000005 1.02769354373e-08 6.99999966663 5.57396509727e-11 0.999999833371
5.81162324649 9.0000005 9.51269789453e-09 6.99999966663 5.82739287222e-11 0.999999833371
5.85170340681 9.0000005 8.81225732199e-09 6.99999966663 6.05071196426e-11 0.999999833371
5.89178356713 9.0000005 8.16688134919e-09 6.99999966663 6.23304785438e-11 0.999999833371
5.93186372745 9.0000005 7.56076726237e-09 6.99999966663 6.35472124576e-11 0.999999833371
5.97194388778 9.0000005 6.99358946541e-09 6.99999966663 6.4153266699e-11 0.999999833371
6.0120240481 9.0000005 6.4653479583e-09 6.99999966663 6.4148641268e-11 0.999999833371
6.05210420842 9.0000005 5.97604274105e-09 6.99999966663 6.35333361646e-11 0.999999833371
6.09218436874 9.0000005 5.52567381366e-09 6.99999966663 6.23073513888e-11 0.999999833371
6.13226452906 9.0000005 5.11424117613e-09 6.99999966663 6.04706869405e-11 0.999999833371
6.17234468938 9.0000005 4.73817770447e-09 6.99999966663 5.80241556523e-11 0.999999833371
6.2124248497 9.0000005 4.38582449442e-09 6.99999966663 5.49704142121e-11 0.999999833371
6.25250501002 9.0000005 4.05627657599e-09 6.99999966663 5.13096688333e-11 0.999999833371
6.29258517034 9.0000005 3.7495339492e-09 6.99999966663 4.70419195161e-11 0.999999833371
6.33266533066 9.0000005 3.46559661402e-09 6.99999966663 4.21671662603e-11 0.999999833371
6.37274549098 9.0000005 3.20446457047e-09 6.99999966663 3.6685409066e-11 0.999999833371
6.4128256513 9.0000005 2.96613781855e-09 6.99999966663 3.05966479331e-11 0.999999833371
6.45290581162 9.0000005 2.74941194173e-09 6.99999966663 2.39468283035e-11 0.999999833371
6.49298597194 9.0000005 2.54682148537e-09 6.99999966663 1.70207383781e-11 0.999999833371
6.53306613226 9.0000005 2.35708151268e-09 6.99999966663 9.86739524252e-12 0.999999833371
6.57314629259 9.0000005 2.18019202368e-09 6.99999966663 2.48679889683e-12 0.999999833371
6.61322645291 9.0000005 2.01615301836e-09 6.99999966663 -5.12105065899e-12 0.999999833371
6.65330661323 9.0000005 1.86496449671e-09 6.99999966663 -1.2956153425e-11 0.999999833371
6.69338677355 9.0000005 1.72662645875e-09 6.99999966663 -2.10185094011e-11 0.999999833371
6.73346693387 9.0000005 1.600855518e-09 6.99999966663 -2.92768091972e-11 0.999999833371
6.77354709419 9.0000005 1.48365205157e-09 6.99999966663 -3.7289162441e-11 0.999999833371
6.81362725451 9.0000005 1.37372205993e-09 6.99999966663 -4.49126041685e-11 0.999999833371
6.85370741483 9.0000005 1.27106554307e-09 6.99999966663 -5.21471343797e-11 0.999999833371
6.89378757515 9.0000005 1.17568250099e-09 6.99999966663 -5.89927530746e-11 0.999999833371
6.93386773547 9.0000005 1.0875729337e-09 6.99999966663 -6.54494602532e-11 0.999999833371
6.97394789579 9.0000005 1.00673684118e-09 6.99999966663 -7.15172559154e-11 0.999999833371
7.01402805611 9.0000005 9.27710822382e-10 6.99999966663 -7.70775185392e-11 0.999999833371
7.05410821643 9.0000005 8.22397609988e-10 6.99999966663 -8.15201994433e-11 0.999999833371
7.09418837675 9.0000005 7.21707762855e-10 6.99999966663 -8.55164295765e-11 0.999999833371
7.13426853707 9.0000005 6.25641280985e-10 6.99999966663 -8.90662089387e-11 0.999999833371
7.17434869739 9.0000005 5.34198164376e-10 6.99999966663 -9.21695375301e-11 0.999999833371
7.21442885772 9.0000005 4.4737841303e-10 6.99999966663 -9.48264153505e-11 0.999999833371
7.25450901804 9.0000005 3.65182026945e-10 6.99999966663 -9.70368423999e-11 0.999999833371
7.29458917836 9.0000005 2.87609006122e-10 6.99999966663 -9.88008186784e-11 0.999999833371
7.33466933868 9.0000005 2.14659350562e-10 6.99999966663 -1.00118344186e-10 0.999999833371
7.374749499 9.0000005 1.46333060263e-10 6.99999966663 -1.00989418923e-10 0.999999833371
7.41482965932 9.0000005 8.26301352261e-11 6.99999966663 -1.01414042888e-10 0.999999833371
7.45490981964 9.0000005 2.35505754513e-11 6.99999966663 -1.01392216083e-10 0.999999833371
7.49498997996 9.0000005 -3.09056190615e-11 6.99999966663 -1.00923938507e-10 0.999999833371
7.53507014028 9.0000005 -8.07384483124e-11 6.99999966663 -1.0000921016e-10 0.999999833371
7.5751503006 9.0000005 -1.25947912301e-10 6.99999966663 -9.86480310419e-11 0.999999833371
7.61523046092 9.0000005 -1.66534011028e-10 6.99999966663 -9.6840401153e-11 0.999999833371
7.65531062124 9.0000005 -2.02496744493e-10 6.99999966663 -9.45863204931e-11 0.999999833371
7.69539078156 9.0000005 -2.33836112696e-10 6.99999966663 -9.18857890623e-11 0.999999833371
7.73547094188 9.0000005 -2.60552115637e-10 6.99999966663 -8.87388068605e-11 0.999999833371
7.7755511022 9.0000005 -2.82644753317e-10 6.99999966663 -8.51453738879e-11 0.999999833371
7.81563126253 9.0000005 -3.00114025734e-10 6.99999966663 -8.11054901442e-11 0.999999833371
7.85571142285 9.0000005 -3.12959932889e-10 6.99999966663 -7.66191556297e-11 0.999999833371
7.89579158317 9.0000005 -3.21182474782e-10 6.99999966663 -7.16863703442e-11 0.999999833371
7.93587174349 9.0000005 -3.24781651413e-10 6.99999966663 -6.63071342878e-11 0.999999833371
7.97595190381 9.0000005 -3.23757462783e-10 6.99999966663 -6.04814474604e-11 0.999999833371
8.01603206413 9.0000005 -3.1810990889e-10 6.99999966663 -5.42093098621e-11 0.999999833371
8.05611222445 9.0000005 -3.07838989736e-10 6.99999966663 -4.74907214929e-11 0.999999833371
8.09619238477 9.0000005 -2.92944705319e-10 6.99999966663 -4.03256823528e-11 0.999999833371
8.13627254509 9.0000005 -2.7342705564e-10 6.99999966663 -3.27141924417e-11 0.999999833371
8.17635270541 9.0000005 -2.93638107047e-10 6.99999966663 -3.13336525071e-11 0.999999833371
8.21643286573 9.0000005 -3.12916305477e-10 6.99999966663 -3.00622848316e-11 0.999999833371
8.25651302605 9.0000005 -3.30657541751e-10 6.99999966663 -2.88091380928e-11 0.999999833371
8.29659318637 9.0000005 -3.46861815868e-10 6.99999966663 -2.75742122906e-11 0.999999833371
8.33667334669 9.0000005 -3.6152912783e-10 6.99999966663 -2.63575074252e-11 0.999999833371
8.37675350701 9.0000005 -3.74659477635e-10 6.99999966663 -2.51590234964e-11 0.999999833371
8.41683366733 9.0000005 -3.86252865285e-10 6.99999966663 -2.39787605043e-11 0.999999833371
8.45691382766 9.0000005 -3.96309290778e-10 6.99999966663 -2.2816718449e-11 0.999999833371
8.49699398798 9.0000005 -4.04828754115e-10 6.99999966663 -2.16728973303e-11 0.999999833371
8.5370741483 9.0000005 -4.11811255296e-10 6.99999966663 -2.05472971483e-11 0.999999833371
8.57715430862 9.0000005 -4.17256794322e-10 6.99999966663 -1.9439917903e-11 0.999999833371
8.61723446894 9.0000005 -4.21165371191e-10 6.99999966663 -1.83507595944e-11 0.999999833371
8.65731462926 9.0000005 -4.23536985904e-10 6.99999966663 -1.72798222225e-11 0.999999833371
8.69739478958 9.0000005 -4.24371638461e-10 6.99999966663 -1.62271057873e-11 0.999999833371
8.7374749499 9.0000005 -4.23669328862e-10 6.99999966663 -1.51926102888e-11 0.999999833371
8.77755511022 9.0000005 -4.21430057107e-10 6.99999966663 -1.4176335727e-11 0.999999833371
8.81763527054 9.0000005 -4.17653823196e-10 6.99999966663 -1.31782821018e-11 0.999999833371
8.85771543086 9.0000005 -4.12340627129e-10 6.99999966663 -1.21984494134e-11 0.999999833371
8.89779559118 9.0000005 -4.05490468906e-10 6.99999966663 -1.12368376617e-11 0.999999833371
8.9378757515 9.0000005 -3.97103348527e-10 6.99999966663 -1.02934468466e-11 0.999999833371
8.97795591182 9.0000005 -3.87179265991e-10 6.99999966663 -9.36827696827e-12 0.999999833371
9.01803607214 9.0000005 -3.757182213e-10 6.99999966663 -8.46132802661e-12 0.999999833371
9.05811623246 9.0000005 -3.62720214453e-10 6.99999966663 -7.57260002164e-12 0.999999833371
9.09819639279 9.0000005 -3.4818524545e-10 6.99999966663 -6.70209295337e-12 0.999999833371
9.13827655311 9.0000005 -3.3211331429e-10 6.99999966663 -5.84980682179e-12 0.999999833371
9.17835671343 9.0000005 -3.14504420975e-10 6.99999966663 -5.0157416269e-12 0.999999833371
9.21843687375 9.0000005 -2.95358565503e-10 6.99999966663 -4.19989736871e-12 0.999999833371
9.25851703407 9.0000005 -2.74675747876e-10 6.99999966663 -3.40227404721e-12 0.999999833371
9.29859719439 9.0000005 -3.44218584302e-10 6.99999966663 8.94567371605e-12 0.999999833371
9.33867735471 9.0000005 -3.35571626134e-10 6.99999966663 8.66160646485e-12 0.999999833371
9.37875751503 9.0000005 -3.26924667965e-10 6.99999966663 8.37753921366e-12 0.999999833371
9.41883767535 9.0000005 -3.18277709797e-10 6.99999966663 8.09347196246e-12 0.999999833371
9.45891783567 9.0000005 -3.09630751629e-10 6.99999966663 7.80940471126e-12 0.999999833371
9.49899799599 9.0000005 -3.00983793461e-10 6.99999966663 7.52533746007e-12 0.999999833371
9.53907815631 9.0000005 -2.92336835292e-10 6.99999966663 7.24127020887e-12 0.999999833371
9.57915831663 9.0000005 -2.83689877124e-10 6.99999966663 6.95720295768e-12 0.999999833371
9.61923847695 9.0000005 -2.75042918956e-10 6.99999966663 6.67313570648e-12 0.999999833371
9.65931863727 9.0000005 -2.66395960788e-10 6.99999966663 6.38906845528e-12 0.999999833371
9.6993987976 9.0000005 -2.57749002619e-10 6.99999966663 6.10500120409e-12 0.999999833371
9.73947895792 9.0000005 -2.49102044451e-10 6.99999966663 5.82093395289e-12 0.999999833371
9.77955911824 9.0000005 -2.40455086283e-10 6.99999966663 5.5368667017e-12 0.999999833371
9.81963927856 9.0000005 -2.31808128114e-10 6.99999966663 5.2527994505e-12 0.999999833371
9.85971943888 9.0000005 -2.23161169946e-10 6.99999966663 4.96873219931e-12 0.999999833371
9.8997995992 9.0000005 -2.14514211778e-10 6.99999966663 4.68466494811e-12 0.999999833371
9.93987975952 9.0000005 -2.0586725361e-10 6.99999966663 4.40059769691e-12 0.999999833371
9.97995991984 9.0000005 -1.97220295441e-10 6.99999966663 4.11653044572e-12 0.999999833371
10.0200400802 9.0000005 -1.88573337273e-10 6.99999966663 3.83246319452e-12 0.999999833371
10.0601202405 9.0000005 -1.79926379105e-10 6.99999966663 3.54839594333e-12 0.999999833371
10.1002004008 9.0000005 -1.71279420937e-10 6.99999966663 3.26432869213e-12 0.999999833371
10.1402805611 9.0000005 -1.62632462768e-10 6.99999966663 2.98026144093e-12 0.999999833371
10.1803607214 9.0000005 -1.539855046e-10 6.99999966663 2.69619418974e-12 0.999999833371
10.2204408818 9.0000005 -1.45338546432e-10 6.99999966663 2.41212693854e-12 0.999999833371
10.2605210421 9.0000005 -1.36691588263e-10 6.99999966663 2.12805968735e-12 0.999999833371
10.3006012024 9.0000005 -1.28044630095e-10 6.99999966663 1.84399243615e-12 0.999999833371
10.3406813627 9.0000005 -1.19397671927e-10 6.99999966663 1.55992518496e-12 0.999999833371
10.380761523 9.0000005 -1.10750713759e-10 6.99999966663 1.27585793376e-12 0.999999833371
10.4208416834 9.0000005 -1.075875103e-10 6.99999966663 1.17803970269e-12 0.999999833371
10.4609218437 9.0000005 -1.0716281784e-10 6.99999966663 1.17323164749e-12 0.999999833371
10.501002004 9.0000005 -1.0673812538e-10 6.99999966663 1.16842359229e-12 0.999999833371
10.5410821643 9.0000005 -1.06313432919e-10 6.99999966663 1.16361553709e-12 0.999999833371
10.5811623246 9.0000005 -1.05888740459e-10 6.99999966663 1.15880748189e-12 0.999999833371
10.621242485 9.0000005 -1.05464047998e-10 6.99999966663 1.15399942669e-12 0.999999833371
10.6613226453 9.0000005 -1.05039355538e-10 6.99999966663 1.14919137149e-12 0.999999833371
10.7014028056 9.0000005 -1.04614663078e-10 6.99999966663 1.14438331629e-12 0.999999833371
10.7414829659 9.0000005 -1.04189970617e-10 6.99999966663 1.13957526109e-12 0.999999833371
10.7815631263 9.0000005 -1.03765278157e-10 6.99999966663 1.13476720589e-12 0.999999833371
10.8216432866 9.0000005 -1.03340585696e-10 6.99999966663 1.12995915069e-12 0.999999833371
10.8617234469 9.0000005 -1.02915893236e-10 6.99999966663 1.12515109549e-12 0.999999833371
10.9018036072 9.0000005 -1.02491200776e-10 6.99999966663 1.12034304029e-12 0.999999833371
10.9418837675 9.0000005 -1.02066508315e-10 6.99999966663 1.11553498509e-12 0.999999833371
10.9819639279 9.0000005 -1.01641815855e-10 6.99999966663 1.11072692989e-12 0.999999833371
11.0220440882 9.0000005 -1.01217123395e-10 6.99999966663 1.10591887469e-12 0.999999833371
11.0621242485 9.0000005 -1.00792430934e-10 6.99999966663 1.10111081949e-12 0.999999833371
11.1022044088 9.0000005 -1.00367738474e-10 6.99999966663 1.09630276429e-12 0.999999833371
11.1422845691 9.0000005 -9.99430460134e-11 6.99999966663 1.09149470909e-12 0.999999833371
11.1823647295 9.0000005 -9.9518353553e-11 6.99999966663 1.08668665389e-12 0.999999833371
11.2224448898 9.0000005 -9.90936610926e-11 6.99999966663 1.0818785987e-12 0.999999833371
11.2625250501 9.0000005 -9.86689686323e-11 6.99999966663 1.0770705435e-12 0.999999833371
11.3026052104 9.0000005 -9.82442761719e-11 6.99999966663 1.0722624883e-12 0.999999833371
11.3426853707 9.0000005 -9.78195837115e-11 6.99999966663 1.0674544331e-12 0.999999833371
11.3827655311 9.0000005 -9.73948912511e-11 6.99999966663 1.0626463779e-12 0.999999833371
11.4228456914 9.0000005 -9.69701987907e-11 6.99999966663 1.0578383227e-12 0.999999833371
11.4629258517 9.0000005 -9.65455063303e-11 6.99999966663 1.0530302675e-12 0.999999833371
11.503006012 9.0000005 -9.612081387e-11 6.99999966663 1.0482222123e-12 0.999999833371
11.5430861723 9.0000005 -9.56961214096e-11 6.99999966663 1.0434141571e-12 0.999999833371
11.5831663327 9.0000005 -9.52714289492e-11 6.99999966663 1.0386061019e-12 0.999999833371
11.623246493 9.0000005 -9.48467364888e-11 6.99999966663 1.0337980467e-12 0.999999833371
11.6633266533 9.0000005 -9.44220440284e-11 6.99999966663 1.0289899915e-12 0.999999833371
11.7034068136 9.0000005 -9.39973515681e-11 6.99999966663 1.0241819363e-12 0.999999833371
11.7434869739 9.0000005 -9.35726591077e-11 6.99999966663 1.0193738811e-12 0.999999833371
11.7835671343 9.0000005 -9.31479666473e-11 6.99999966663 1.0145658259e-12 0.999999833371
11.8236472946 9.0000005 -9.27232741869e-11 6.99999966663 1.0097577707e-12 0.999999833371
11.8637274549 9.0000005 -9.22985817265e-11 6.99999966663 1.0049497155e-12 0.999999833371
11.9038076152 9.0000005 -9.18738892661e-11 6.99999966663 1.0001416603e-12 0.999999833371
11.9438877756 9.0000005 -9.14491968058e-11 6.99999966663 9.95333605099e-13 0.999999833371
11.9839679359 9.0000005 -9.10245043454e-11 6.99999966663 9.90525549899e-13 0.999999833371
12.0240480962 9.0000005 -9.0599811885e-11 6.99999966663 9.85717494699e-13 0.999999833371
12.0641282565 9.0000005 -9.01751194246e-11 6.99999966663 9.80909439499e-13 0.999999833371
12.1042084168 9.0000005 -8.97504269642e-11 6.99999966663 9.76101384299e-13 0.999999833371
12.1442885772 9.0000005 -8.93257345039e-11 6.99999966663 9.712933291e-13 0.999999833371
12.1843687375 9.0000005 -8.89010420435e-11 6.99999966663 9.664852739e-13 0.999999833371
12.2244488978 9.0000005 -8.84763495831e-11 6.99999966663 9.616772187e-13 0.999999833371
12.2645290581 9.0000005 -8.80516571227e-11 6.99999966663 9.568691635e-13 0.999999833371
12.3046092184 9.0000005 -8.76269646623e-11 6.99999966663 9.520611083e-13 0.999999833371
12.3446893788 9.0000005 -8.72022722019e-11 6.99999966663 9.47253053101e-13 0.999999833371
12.3847695391 9.0000005 -8.67775797416e-11 6.99999966663 9.42444997901e-13 0.999999833371
12.4248496994 9.0000005 -8.63528872812e-11 6.99999966663 9.37636942701e-13 0.999999833371
12.4649298597 9.0000005 -8.59281948208e-11 6.99999966663 9.32828887501e-13 0.999999833371
12.50501002 9.0000005 -8.55035023604e-11 6.99999966663 9.28020832301e-13 0.999999833371
12.5450901804 9.0000005 -8.50788099e-11 6.99999966663 9.23212777102e-13 0.999999833371
12.5851703407 9.0000005 -8.46541174397e-11 6.99999966663 9.18404721902e-13 0.999999833371
12.625250501 9.0000005 -8.42294249793e-11 6.99999966663 9.13596666702e-13 0.999999833371
12.6653306613 9.0000005 -8.38047325189e-11 6.99999966663 9.08788611502e-13 0.999999833371
12.7054108216 9.0000005 -8.33800400585e-11 6.99999966663 9.03980556302e-13 0.999999833371
12.745490982 9.0000005 -8.29553475981e-11 6.99999966663 8.99172501102e-13 0.999999833371
12.7855711423 9.0000005 -8.25306551377e-11 6.99999966663 8.94364445903e-13 0.999999833371
12.8256513026 9.0000005 -8.21059626774e-11 6.99999966663 8.89556390703e-13 0.999999833371
12.8657314629 9.0000005 -8.1681270217e-11 6.99999966663 8.84748335503e-13 0.999999833371
12.9058116232 9.0000005 -8.12565777566e-11 6.99999966663 8.79940280303e-13 0.999999833371
12.9458917836 9.0000005 -8.08318852962e-11 6.99999966663 8.75132225103e-13 0.999999833371
12.9859719439 9.0000005 -8.04071928358e-11 6.99999966663 8.70324169904e-13 0.999999833371
13.0260521042 9.0000005 -7.99825003755e-11 6.99999966663 8.65516114704e-13 0.999999833371
13.0661322645 9.0000005 -7.95578079151e-11 6.99999966663 8.60708059504e-13 0.999999833371
13.1062124248 9.0000005 -7.91331154547e-11 6.99999966663 8.55900004304e-13 0.999999833371
13.1462925852 9.0000005 -7.87084229943e-11 6.99999966663 8.51091949104e-13 0.999999833371
13.1863727455 9.0000005 -7.82837305339e-11 6.99999966663 8.46283893905e-13 0.999999833371
13.2264529058 9.0000005 -7.78590380735e-11 6.99999966663 8.41475838705e-13 0.999999833371
13.2665330661 9.0000005 -7.74343456132e-11 6.99999966663 8.36667783505e-13 0.999999833371
13.3066132265 9.0000005 -7.70096531528e-11 6.99999966663 8.31859728305e-13 0.999999833371
13.3466933868 9.0000005 -7.65849606924e-11 6.99999966663 8.27051673105e-13 0.999999833371
13.3867735471 9.0000005 -7.6160268232e-11 6.99999966663 8.22243617906e-13 0.999999833371
13.4268537074 9.0000005 -7.57355757716e-11 6.99999966663 8.17435562706e-13 0.999999833371
13.4669338677 9.0000005 -7.53108833113e-11 6.99999966663 8.12627507506e-13 0.999999833371
13.5070140281 9.0000005 -7.48861908509e-11 6.99999966663 8.07819452306e-13 0.999999833371
13.5470941884 9.0000005 -7.44614983905e-11 6.99999966663 8.03011397106e-13 0.999999833371
13.5871743487 9.0000005 -7.40368059301e-11 6.99999966663 7.98203341907e-13 0.999999833371
13.627254509 9.0000005 -7.36121134697e-11 6.99999966663 7.93395286707e-13 0.999999833371
13.6673346693 9.0000005 -7.31874210093e-11 6.99999966663 7.88587231507e-13 0.999999833371
13.7074148297 9.0000005 -7.2762728549e-11 6.99999966663 7.83779176307e-13 0.999999833371
13.74749499 9.0000005 -7.23380360886e-11 6.99999966663 7.78971121107e-13 0.999999833371
13.7875751503 9.0000005 -7.19133436282e-11 6.99999966663 7.74163065908e-13 0.999999833371
13.8276553106 9.0000005 -7.14886511678e-11 6.99999966663 7.69355010708e-13 0.999999833371
13.8677354709 9.0000005 -7.10639587074e-11 6.99999966663 7.64546955508e-13 0.999999833371
13.9078156313 9.0000005 -7.06392662471e-11 6.99999966663 7.59738900308e-13 0.999999833371
13.9478957916 9.0000005 -7.02145737867e-11 6.99999966663 7.54930845108e-13 0.999999833371
13.9879759519 9.0000005 -6.97898813263e-11 6.99999966663 7.50122789909e-13 0.999999833371
14.0280561122 9.0000005 -6.93651888659e-11 6.99999966663 7.45314734709e-13 0.999999833371
14.0681362725 9.0000005 -6.89404964055e-11 6.99999966663 7.40506679509e-13 0.999999833371
14.1082164329 9.0000005 -6.85158039451e-11 6.99999966663 7.35698624309e-13 0.999999833371
14.1482965932 9.0000005 -6.80911114848e-11 6.99999966663 7.30890569109e-13 0.999999833371
14.1883767535 9.0000005 -6.76664190244e-11 6.99999966663 7.2608251391e-13 0.999999833371
14.2284569138 9.0000005 -6.7241726564e-11 6.99999966663 7.2127445871e-13 0.999999833371
14.2685370741 9.0000005 -6.68170341036e-11 6.99999966663 7.1646640351e-13 0.999999833371
14.3086172345 9.0000005 -6.63923416432e-11 6.99999966663 7.1165834831e-13 0.999999833371
14.3486973948 9.0000005 -6.59676491829e-11 6.99999966663 7.0685029311e-13 0.999999833371
14.3887775551 9.0000005 -6.55429567225e-11 6.99999966663 7.02042237911e-13 0.999999833371
14.4288577154 9.0000005 -6.51182642621e-11 6.99999966663 6.97234182711e-13 0.999999833371
14.4689378758 9.0000005 -6.46935718017e-11 6.99999966663 6.92426127511e-13 0.999999833371
14.5090180361 9.0000005 -6.42688793413e-11 6.99999966663 6.87618072311e-13 0.999999833371
14.5490981964 9.0000005 -6.38441868809e-11 6.99999966663 6.82810017111e-13 0.999999833371
14.5891783567 9.0000005 -6.34194944206e-11 6.99999966663 6.78001961912e-13 0.999999833371
14.629258517 9.0000005 -6.29948019602e-11 6.99999966663 6.73193906712e-13 0.999999833371
14.6693386774 9.0000005 -6.25701094998e-11 6.99999966663 6.68385851512e-13 0.999999833371
14.7094188377 9.0000005 -6.21454170394e-11 6.99999966663 6.63577796312e-13 0.999999833371
14.749498998 9.0000005 -6.1720724579e-11 6.99999966663 6.58769741112e-13 0.999999833371
14.7895791583 9.0000005 -6.12960321187e-11 6.99999966663 6.53961685912e-13 0.999999833371
14.8296593186 9.0000005 -6.08713396583e-11 6.99999966663 6.49153630713e-13 0.999999833371
14.869739479 9.0000005 -6.04466471979e-11 6.99999966663 6.44345575513e-13 0.999999833371
14.9098196393 9.0000005 -6.00219547375e-11 6.99999966663 6.39537520313e-13 0.999999833371
14.9498997996 9.0000005 -5.95972622771e-11 6.99999966663 6.34729465113e-13 0.999999833371
14.9899799599 9.0000005 -5.91725698167e-11 6.99999966663 6.29921409913e-13 0.999999833371
15.0300601202 9.0000005 -5.87478773564e-11 6.99999966663 6.25113354714e-13 0.999999833371
15.0701402806 9.0000005 -5.8323184896e-11 6.99999966663 6.20305299514e-13 0.999999833371
15.1102204409 9.0000005 -5.78984924356e-11 6.99999966663 6.15497244314e-13 0.999999833371
15.1503006012 9.0000005 -5.74737999752e-11 6.99999966663 6.10689189114e-13 0.999999833371
15.1903807615 9.0000005 -5.70491075148e-11 6.99999966663 6.05881133914e-13 0.999999833371
15.2304609218 9.0000005 -5.66244150545e-11 6.99999966663 6.01073078715e-13 0.999999833371
15.2705410822 9.0000005 -5.61997225941e-11 6.99999966663 5.96265023515e-13 0.999999833371
15.3106212425 9.0000005 -5.57750301337e-11 6.99999966663 5.91456968315e-13 0.999999833371
15.3507014028 9.0000005 -5.53503376733e-11 6.99999966663 5.86648913115e-13 0.999999833371
15.3907815631 9.0000005 -5.49256452129e-11 6.99999966663 5.81840857915e-13 0.999999833371
15.4308617234 9.0000005 -5.45009527525e-11 6.99999966663 5.77032802716e-13 0.999999833371
15.4709418838 9.0000005 -5.40762602922e-11 6.99999966663 5.72224747516e-13 0.999999833371
15.5110220441 9.0000005 -5.36515678318e-11 6.99999966663 5.67416692316e-13 0.999999833371
15.5511022044 9.0000005 -5.32268753714e-11 6.99999966663 5.62608637116e-13 0.999999833371
15.5911823647 9.0000005 -5.2802182911e-11 6.99999966663 5.57800581916e-13 0.999999833371
15.6312625251 9.0000005 -5.23774904506e-11 6.99999966663 5.52992526717e-13 0.999999833371
15.6713426854 9.0000005 -5.19527979903e-11 6.99999966663 5.48184471517e-13 0.999999833371
15.7114228457 9.0000005 -5.15281055299e-11 6.99999966663 5.43376416317e-13 0.999999833371
15.751503006 9.0000005 -5.11034130695e-11 6.99999966663 5.38568361117e-13 0.999999833371
15.7915831663 9.0000005 -5.06787206091e-11 6.99999966663 5.33760305917e-13 0.999999833371
15.8316633267 9.0000005 -5.02540281487e-11 6.99999966663 5.28952250718e-13 0.999999833371
15.871743487 9.0000005 -4.98293356883e-11 6.99999966663 5.24144195518e-13 0.999999833371
15.9118236473 9.0000005 -4.9404643228e-11 6.99999966663 5.19336140318e-13 0.999999833371
15.9519038076 9.0000005 -4.89799507676e-11 6.99999966663 5.14528085118e-13 0.999999833371
15.9919839679 9.0000005 -4.85552583072e-11 6.99999966663 5.09720029918e-13 0.999999833371
16.0320641283 9.0000005 -4.81305658468e-11 6.99999966663 5.04911974719e-13 0.999999833371
16.0721442886 9.0000005 -4.77058733864e-11 6.99999966663 5.00103919519e-13 0.999999833371
16.1122244489 9.0000005 -4.72811809261e-11 6.99999966663 4.95295864319e-13 0.999999833371
16.1523046092 9.0000005 -4.68564884657e-11 6.99999966663 4.90487809119e-13 0.999999833371
16.1923847695 9.0000005 -4.64317960053e-11 6.99999966663 4.85679753919e-13 0.999999833371
16.2324649299 9.0000005 -4.60071035449e-11 6.99999966663 4.8087169872e-13 0.999999833371
16.2725450902 9.0000005 -4.55824110845e-11 6.99999966663 4.7606364352e-13 0.999999833371
16.3126252505 9.0000005 -4.51577186241e-11 6.99999966663 4.7125558832e-13 0.999999833371
16.3527054108 9.0000005 -4.47330261638e-11 6.99999966663 4.6644753312e-13 0.999999833371
16.3927855711 9.0000005 -4.43083337034e-11 6.99999966663 4.6163947792e-13 0.999999833371
16.4328657315 9.0000005 -4.3883641243e-11 6.99999966663 4.56831422721e-13 0.999999833371
16.4729458918 9.0000005 -4.34589487826e-11 6.99999966663 4.52023367521e-13 0.999999833371
16.5130260521 9.0000005 -4.30342563222e-11 6.99999966663 4.47215312321e-13 0.999999833371
16.5531062124 9.0000005 -4.26095638619e-11 6.99999966663 4.42407257121e-13 0.999999833371
16.5931863727 9.0000005 -4.21848714015e-11 6.99999966663 4.37599201921e-13 0.999999833371
16.6332665331 9.0000005 -4.17601789411e-11 6.99999966663 4.32791146722e-13 0.999999833371
16.6733466934 9.0000005 -4.13354864807e-11 6.99999966663 4.27983091522e-13 0.999999833371
16.7134268537 9.0000005 -4.09107940203e-11 6.99999966663 4.23175036322e-13 0.999999833371
16.753507014 9.0000005 -4.04861015599e-11 6.99999966663 4.18366981122e-13 0.999999833371
16.7935871743 9.0000005 -4.00614090996e-11 6.99999966663 4.13558925922e-13 0.999999833371
16.8336673347 9.0000005 -3.96367166392e-11 6.99999966663 4.08750870722e-13 0.999999833371
16.873747495 9.0000005 -3.92120241788e-11 6.99999966663 4.03942815523e-13 0.999999833371
16.9138276553 9.0000005 -3.87873317184e-11 6.99999966663 3.99134760323e-13 0.999999833371
16.9539078156 9.0000005 -3.8362639258e-11 6.99999966663 3.94326705123e-13 0.999999833371
16.993987976 9.0000005 -3.79379467977e-11 6.99999966663 3.89518649923e-13 0.999999833371
17.0340681363 9.0000005 -3.75132543373e-11 6.99999966663 3.84710594723e-13 0.999999833371
17.0741482966 9.0000005 -3.70885618769e-11 6.99999966663 3.79902539524e-13 0.999999833371
17.1142284569 9.0000005 -3.66638694165e-11 6.99999966663 3.75094484324e-13 0.999999833371
17.1543086172 9.0000005 -3.62391769561e-11 6.99999966663 3.70286429124e-13 0.999999833371
17.1943887776 9.0000005 -3.58144844957e-11 6.99999966663 3.65478373924e-13 0.999999833371
17.2344689379 9.0000005 -3.53897920354e-11 6.99999966663 3.60670318724e-13 0.999999833371
17.2745490982 9.0000005 -3.4965099575e-11 6.99999966663 3.55862263525e-13 0.999999833371
17.3146292585 9.0000005 -3.45404071146e-11 6.99999966663 3.51054208325e-13 0.999999833371
17.3547094188 9.0000005 -3.41157146542e-11 6.99999966663 3.46246153125e-13 0.999999833371
17.3947895792 9.0000005 -3.36910221938e-11 6.99999966663 3.41438097925e-13 0.999999833371
17.4348697395 9.0000005 -3.32663297335e-11 6.99999966663 3.36630042725e-13 0.999999833371
17.4749498998 9.0000005 -3.28416372731e-11 6.99999966663 3.31821987526e-13 0.999999833371
17.5150300601 9.0000005 -3.24169448127e-11 6.99999966663 3.27013932326e-13 0.999999833371
17.5551102204 9.0000005 -3.19922523523e-11 6.99999966663 3.22205877126e-13 0.999999833371
17.5951903808 9.0000005 -3.15675598919e-11 6.99999966663 3.17397821926e-13 0.999999833371
17.6352705411 9.0000005 -3.11428674315e-11 6.99999966663 3.12589766726e-13 0.999999833371
17.6753507014 9.0000005 -3.07181749712e-11 6.99999966663 3.07781711527e-13 0.999999833371
17.7154308617 9.0000005 -3.02934825108e-11 6.99999966663 3.02973656327e-13 0.999999833371
17.755511022 9.0000005 -2.98687900504e-11 6.99999966663 2.98165601127e-13 0.999999833371
17.7955911824 9.0000005 -2.944409759e-11 6.99999966663 2.93357545927e-13 0.999999833371
17.8356713427 9.0000005 -2.90194051296e-11 6.99999966663 2.88549490727e-13 0.999999833371
17.875751503 9.0000005 -2.85947126693e-11 6.99999966663 2.83741435528e-13 0.999999833371
17.9158316633 9.0000005 -2.81700202089e-11 6.99999966663 2.78933380328e-13 0.999999833371
17.9559118236 9.0000005 -2.77453277485e-11 6.99999966663 2.74125325128e-13 0.999999833371
17.995991984 9.0000005 -2.73206352881e-11 6.99999966663 2.69317269928e-13 0.999999833371
18.0360721443 9.0000005 -2.68959428277e-11 6.99999966663 2.64509214728e-13 0.999999833371
18.0761523046 9.0000005 -2.64712503673e-11 6.99999966663 2.59701159529e-13 0.999999833371
18.1162324649 9.0000005 -2.6046557907e-11 6.99999966663 2.54893104329e-13 0.999999833371
18.1563126253 9.0000005 -2.56218654466e-11 6.99999966663 2.50085049129e-13 0.999999833371
18.1963927856 9.0000005 -2.51971729862e-11 6.99999966663 2.45276993929e-13 0.999999833371
18.2364729459 9.0000005 -2.47724805258e-11 6.99999966663 2.40468938729e-13 0.999999833371
18.2765531062 9.0000005 -2.43477880654e-11 6.99999966663 2.3566088353e-13 0.999999833371
18.3166332665 9.0000005 -2.39230956051e-11 6.99999966663 2.3085282833e-13 0.999999833371
18.3567134269 9.0000005 -2.34984031447e-11 6.99999966663 2.2604477313e-13 0.999999833371
18.3967935872 9.0000005 -2.30737106843e-11 6.99999966663 2.2123671793e-13 0.999999833371
18.4368737475 9.0000005 -2.26490182239e-11 6.99999966663 2.1642866273e-13 0.999999833371
18.4769539078 9.0000005 -2.22243257635e-11 6.99999966663 2.11620607531e-13 0.999999833371
18.5170340681 9.0000005 -2.17996333031e-11 6.99999966663 2.06812552331e-13 0.999999833371
18.5571142285 9.0000005 -2.13749408428e-11 6.99999966663 2.02004497131e-13 0.999999833371
18.5971943888 9.0000005 -2.09502483824e-11 6.99999966663 1.97196441931e-13 0.999999833371
18.6372745491 9.0000005 -2.0525555922e-11 6.99999966663 1.92388386731e-13 0.999999833371
18.6773547094 9.0000005 -2.01008634616e-11 6.99999966663 1.87580331532e-13 0.999999833371
18.7174348697 9.0000005 -1.96761710012e-11 6.99999966663 1.82772276332e-13 0.999999833371
18.7575150301 9.0000005 -1.92514785409e-11 6.99999966663 1.77964221132e-13 0.999999833371
18.7975951904 9.0000005 -1.88267860805e-11 6.99999966663 1.73156165932e-13 0.999999833371
18.8376753507 9.0000005 -1.84020936201e-11 6.99999966663 1.68348110732e-13 0.999999833371
18.877755511 9.0000005 -1.79774011597e-11 6.99999966663 1.63540055532e-13 0.999999833371
18.9178356713 9.0000005 -1.75527086993e-11 6.99999966663 1.58732000333e-13 0.999999833371
18.9579158317 9.0000005 -1.71280162389e-11 6.99999966663 1.53923945133e-13 0.999999833371
18.997995992 9.0000005 -1.67033237786e-11 6.99999966663 1.49115889933e-13 0.999999833371
19.0380761523 9.0000005 -1.62786313182e-11 6.99999966663 1.44307834733e-13 0.999999833371
19.0781563126 9.0000005 -1.58539388578e-11 6.99999966663 1.39499779533e-13 0.999999833371
19.1182364729 9.0000005 -1.54292463974e-11 6.99999966663 1.34691724334e-13 0.999999833371
19.1583166333 9.0000005 -1.5004553937e-11 6.99999966663 1.29883669134e-13 0.999999833371
19.1983967936 9.0000005 -1.45798614767e-11 6.99999966663 1.25075613934e-13 0.999999833371
19.2384769539 9.0000005 -1.41551690163e-11 6.99999966663 1.20267558734e-13 0.999999833371
19.2785571142 9.0000005 -1.37304765559e-11 6.99999966663 1.15459503534e-13 0.999999833371
19.3186372745 9.0000005 -1.33057840955e-11 6.99999966663 1.10651448335e-13 0.999999833371
19.3587174349 9.0000005 -1.28810916351e-11 6.99999966663 1.05843393135e-13 0.999999833371
19.3987975952 9.0000005 -1.24563991748e-11 6.99999966663 1.01035337935e-13 0.999999833371
19.4388777555 9.0000005 -1.20317067144e-11 6.99999966663 9.62272827352e-14 0.999999833371
19.4789579158 9.0000005 -1.1607014254e-11 6.99999966663 9.14192275354e-14 0.999999833371
19.5190380762 9.0000005 -1.11823217936e-11 6.99999966663 8.66111723356e-14 0.999999833371
19.5591182365 9.0000005 -1.07576293332e-11 6.99999966663 8.18031171358e-14 0.999999833371
19.5991983968 9.0000005 -1.03329368728e-11 6.99999966663 7.6995061936e-14 0.999999833371
19.6392785571 9.0000005 -9.90824441246e-12 6.99999966663 7.21870067362e-14 0.999999833371
19.6793587174 9.0000005 -9.48355195208e-12 6.99999966663 6.73789515364e-14 0.999999833371
19.7194388778 9.0000005 -9.0588594917e-12 6.99999966663 6.25708963366e-14 0.999999833371
19.7595190381 9.0000005 -8.63416703131e-12 6.99999966663 5.77628411368e-14 0.999999833371
19.7995991984 9.0000005 -8.20947457093e-12 6.99999966663 5.2954785937e-14 0.999999833371
19.8396793587 9.0000005 -7.78478211055e-12 6.99999966663 4.81467307372e-14 0.999999833371
19.879759519 9.0000005 -7.36008965017e-12 6.99999966663 4.33386755374e-14 0.999999833371
19.9198396794 9.0000005 -6.93539718979e-12 6.99999966663 3.85306203376e-14 0.999999833371
19.9599198397 9.0000005 -6.5107047294e-12 6.99999966663 3.37225651378e-14 0.999999833371
20.0 9.0000005 -6.08601226902e-12 6.99999966663 2.8914509938e-14 0.999999833371
